north:     0
<<<<<<< Updated upstream
south:     1166850.00000000
east:      0
west:      3329550.00000000
rows:     24
cols:     21
 4 4 4 4 4 4 4 4 4 4 4 4 4 4 4 4 4 4 4 4 4
 4 4 4 4 4 4 4 4 4 4 4 4 4 4 4 4 4 4 4 4 4
 4 4 4 4 4 4 4 4 4 4 4 4 4 4 4 4 4 4 4 4 4
 8 4 4 4 4 4 4 4 4 4 4 4 4 4 4 4 4 4 4 4 4
 8 8 4 4 4 4 4 4 4 4 4 4 4 4 4 4 4 4 4 4 4
 8 8 8 4 4 4 4 4 4 4 4 4 4 4 4 4 4 4 4 4 4
 8 8 8 8 4 4 4 4 4 4 4 4 4 4 4 4 4 4 4 4 4
 8 8 8 8 8 4 4 4 4 4 4 4 4 4 4 4 4 4 4 4 4
 8 8 8 8 8 8 4 4 4 4 4 4 4 4 4 4 4 4 4 4 4
 8 8 8 8 8 8 8 4 4 4 4 4 4 4 4 4 4 4 4 4 4
 8 8 8 8 8 8 8 8 4 4 4 4 4 4 4 4 4 4 4 4 4
 8 8 8 8 8 8 8 8 8 4 4 4 4 4 4 4 4 4 4 4 4
 8 8 8 8 8 8 8 8 8 8 4 4 4 4 4 4 4 4 4 4 4
 8 8 8 8 8 8 8 8 8 8 8 4 4 4 4 4 4 4 4 4 4
 8 8 8 8 8 8 8 8 8 8 8 8 4 4 4 4 4 4 4 4 4
 8 8 8 8 8 8 8 8 8 8 8 8 8 4 4 4 4 4 4 4 4
 8 8 8 8 8 8 8 8 8 8 8 8 8 8 4 4 4 4 4 4 4
 8 8 8 8 8 8 8 8 8 8 8 8 8 8 8 4 4 4 4 4 4
 8 8 8 8 8 8 8 8 8 8 8 8 8 8 8 8 4 4 4 4 4
 8 8 8 8 8 8 8 8 8 8 8 8 8 8 8 8 8 4 4 4 4
 8 8 8 8 8 8 8 8 8 8 8 8 8 8 8 8 8 8 4 4 4
 8 8 8 8 8 8 8 8 8 8 8 8 8 8 8 8 8 8 8 4 4
 8 8 8 8 8 8 8 8 8 8 8 8 8 8 8 8 8 8 8 8 4
 8 8 8 8 8 8 8 8 8 8 8 8 8 8 8 8 8 8 8 8 0
=======
south:           0.00000000
east:      0
west:            0.00000000
rows:    139
cols:    243
 8 8 8 8 8 8 8 8 8 8 8 8 8 8 8 8 8 8 8 8 8 8 8 8 8 8 8 8 8 8 8 8 8 8 8 4 4 2 2 2 2 2 2 2 2 2 2 2 2 2 2 2 2 2 2 2 2 2 2 2 2 2 2 2 2 2 2 2 2 2 2 2 2 2 2 2 2 4 4 4 4 4 8 8 8 4 4 4 4 4 4 4 4 8 8 8 8 8 8 8 8 8 8 8 8 8 8 4 8 4 4 2 2 2 2 2 2 4 4 4 4 2 2 2 4 4 2 2 2 2 4 4 4 2 2 2 4 4 4 4 4 4 4 4 4 4 4 4 4 4 4 4 2 2 2 8 4 4 8 8 8 4 2 2 2 2 2 2 2 2 2 2 2 2 2 4 4 4 2 2 2 4 4 4 4 4 4 4 4 4 4 4 4 2 4 4 2 4 4 4 4 4 4 4 4 4 4 4 4 4 4 4 4 4 4 4 4 4 2 2 2 4 4 4 2 2 4 4 4 4 4 4 4 4 4 4 4 4 4 4 4 4 4
 8 8 8 8 8 8 8 8 8 8 8 8 8 8 8 8 8 8 8 8 8 8 8 8 8 8 8 8 8 8 8 8 8 8 8 4 2 2 2 2 2 2 2 2 2 2 2 2 2 2 2 2 2 2 2 2 2 2 2 2 2 2 2 2 2 2 2 2 2 2 2 2 2 2 2 4 4 4 4 4 4 4 4 8 4 4 8 4 4 4 4 4 4 4 8 8 8 8 8 8 8 8 8 8 8 8 8 8 8 4 4 2 2 2 2 2 2 2 2 4 4 2 2 2 4 4 2 2 2 4 4 4 4 4 2 4 4 4 4 4 4 2 8 8 4 4 4 4 4 4 4 2 2 2 4 8 4 4 4 8 4 4 2 2 2 2 2 2 2 2 2 2 2 4 4 4 4 2 2 2 8 4 4 4 4 4 4 4 4 2 2 4 2 2 4 4 2 4 4 4 4 4 4 4 4 4 4 4 4 2 4 2 4 4 4 4 4 4 2 2 2 4 4 2 2 2 4 4 4 4 4 4 4 4 4 4 4 4 4 4 4 4 4
 8 8 8 8 8 8 8 8 8 8 8 8 8 8 8 8 8 8 8 8 8 8 8 8 8 8 8 8 8 8 8 8 8 8 8 4 2 2 2 4 2 2 2 2 2 2 2 2 2 2 2 2 2 2 2 2 2 2 2 2 2 2 2 2 2 2 2 2 2 2 2 2 2 2 4 4 4 4 4 4 4 4 4 8 8 4 4 4 4 4 4 4 8 4 8 8 8 4 4 8 8 4 4 8 8 8 4 8 8 4 4 2 2 2 2 2 2 2 2 2 2 2 2 2 2 2 2 2 4 4 4 4 4 4 4 4 4 4 4 4 4 2 2 8 4 4 4 4 4 4 4 2 2 2 2 8 8 4 4 4 4 2 2 2 2 2 2 2 2 2 2 2 2 4 4 4 4 2 2 2 4 4 4 4 4 4 4 2 2 2 2 2 2 2 4 2 2 4 4 4 4 4 4 4 4 4 4 4 4 4 4 4 4 4 4 4 4 4 2 2 4 4 4 4 2 4 4 4 4 4 4 4 4 4 4 4 4 4 4 4 4 4 4
 8 8 8 8 8 8 8 8 8 8 8 8 8 8 8 8 8 8 8 8 8 8 8 8 8 8 8 8 8 8 8 8 8 8 8 4 2 2 2 2 2 2 2 2 2 2 2 2 2 2 2 2 2 2 2 2 2 2 2 2 2 2 2 2 2 2 2 2 2 4 2 2 2 2 2 4 4 4 4 4 4 4 4 4 4 4 4 4 4 4 4 4 4 8 8 8 4 4 4 8 8 4 8 8 8 4 4 4 8 4 4 2 2 2 2 2 2 2 2 2 2 2 2 2 2 2 2 2 4 4 4 4 4 4 4 4 4 4 4 4 4 4 4 4 4 4 4 4 4 4 4 4 2 2 2 8 4 4 4 4 4 2 2 2 2 2 2 2 4 4 2 2 4 4 4 4 4 2 2 4 8 8 4 4 2 4 4 4 2 2 2 2 2 2 4 4 4 4 4 4 4 2 4 2 4 4 4 2 4 4 4 4 4 4 4 4 2 2 2 2 4 4 4 4 4 4 4 4 4 4 4 4 2 2 4 4 4 4 4 4 4 4 4
 8 8 8 6 8 8 8 8 8 8 8 8 8 8 8 8 8 8 8 8 8 8 8 8 8 8 8 8 8 8 8 8 8 8 8 4 4 2 2 2 2 2 2 2 2 2 2 2 2 2 2 2 2 2 2 2 2 2 2 2 2 2 2 2 2 2 2 2 2 2 2 2 2 2 4 4 4 4 4 4 8 4 4 4 4 4 4 4 4 4 4 4 4 4 4 8 8 8 8 8 8 8 8 8 8 8 4 4 4 2 2 2 2 2 2 2 2 2 6 6 2 2 2 2 2 2 2 2 4 4 4 4 4 4 4 4 4 4 4 4 4 4 4 4 4 4 4 4 4 4 4 2 2 4 4 4 4 4 4 4 2 2 2 2 2 2 2 2 2 2 2 2 2 2 4 4 2 2 4 4 4 4 4 2 2 2 4 2 2 2 2 2 2 2 4 4 4 4 4 2 2 2 2 2 2 2 2 2 2 2 2 4 2 4 2 4 2 2 2 4 4 4 4 4 4 4 4 4 4 4 2 2 2 4 4 4 4 4 4 4 4 4 4
 8 8 8 6 8 8 8 8 8 8 8 8 8 8 8 8 8 8 8 8 8 8 8 8 8 8 8 8 8 8 8 8 8 8 8 4 4 2 2 2 2 2 2 2 2 2 2 2 2 2 2 2 2 2 2 2 2 2 2 2 2 2 2 2 2 2 2 2 2 2 2 2 2 2 4 4 4 4 4 4 4 4 4 4 4 4 4 4 4 4 4 4 4 4 4 4 4 8 8 8 8 8 8 8 8 8 4 4 2 2 2 2 2 2 2 2 2 2 6 6 6 2 2 2 2 2 2 4 4 4 4 4 4 4 4 4 4 4 4 4 4 4 4 4 4 4 4 4 4 4 4 4 4 4 4 4 4 4 4 4 2 2 2 2 2 2 2 2 2 2 2 2 2 2 4 2 2 2 4 4 4 4 4 2 2 2 4 2 2 2 2 2 2 2 2 2 2 2 2 2 2 2 2 2 2 2 2 2 2 2 4 4 2 2 2 2 2 2 2 4 4 4 4 4 4 4 4 4 4 4 2 4 4 4 4 4 4 4 4 4 4 4 4
 8 8 8 8 8 8 8 8 8 8 8 8 8 8 8 8 8 8 8 8 8 8 8 8 8 8 8 8 8 8 8 8 8 8 8 4 4 2 2 2 2 2 2 2 2 2 2 2 2 2 2 2 2 2 2 2 2 2 2 2 2 2 2 2 2 2 2 2 2 6 4 4 4 4 4 4 4 4 4 4 4 4 4 4 4 4 4 4 4 4 4 4 4 8 8 8 8 4 8 8 8 8 8 8 8 4 4 2 2 2 6 2 2 2 2 2 2 2 2 6 6 6 6 2 2 2 2 4 4 4 4 4 4 4 2 2 2 2 2 2 2 2 2 4 4 2 2 4 2 4 4 2 2 4 4 4 4 4 4 4 2 2 4 4 4 2 2 2 4 4 2 2 4 2 4 2 4 4 4 2 2 4 2 2 2 2 2 2 2 2 2 2 4 4 2 2 2 2 2 2 2 2 2 2 4 2 2 2 2 2 2 2 2 2 2 2 2 2 2 4 4 4 4 4 4 4 4 4 4 2 4 4 4 4 2 2 8 8 4 4 4 4 4
 8 8 8 8 8 8 8 8 8 8 8 8 8 8 8 8 8 8 8 8 8 8 8 8 8 8 8 8 8 8 8 8 8 8 8 8 4 2 2 2 2 2 2 2 2 2 2 2 2 2 2 2 2 2 2 2 2 2 2 2 2 2 2 2 2 2 2 2 4 4 4 4 4 4 4 4 4 4 4 4 4 4 4 4 8 4 4 4 4 4 4 4 8 8 8 8 8 8 8 8 8 8 8 8 4 4 4 2 2 2 2 2 2 2 2 2 2 2 2 6 6 6 6 6 2 2 2 2 2 4 4 2 2 2 2 2 2 2 2 2 2 2 2 2 2 2 2 2 2 2 4 4 4 4 4 4 4 4 4 2 2 2 2 2 2 2 2 2 4 4 2 4 4 4 4 4 4 4 2 2 4 2 2 2 2 4 4 2 2 2 4 4 2 2 2 2 2 2 2 2 2 2 2 2 2 2 2 2 2 2 2 2 2 2 2 2 2 2 2 4 4 4 4 4 4 4 4 4 4 4 4 4 4 4 2 2 4 4 4 4 4 4 4
 8 8 8 8 8 8 8 8 8 8 8 8 8 8 8 8 8 8 8 8 8 8 8 8 8 8 8 8 8 8 8 8 8 8 8 8 4 2 2 4 2 2 2 2 2 2 2 2 2 2 2 2 2 2 2 2 2 2 2 2 2 2 2 2 2 2 2 4 4 4 4 4 4 4 4 4 4 4 4 4 4 4 4 4 8 4 4 4 4 4 4 4 4 8 8 4 8 8 8 8 8 8 8 8 8 4 2 2 2 2 2 2 2 2 2 2 2 2 2 6 6 6 6 6 6 2 2 2 2 2 2 2 2 2 2 2 4 2 2 6 6 6 6 6 2 2 2 2 2 4 4 4 4 4 2 4 4 4 2 2 2 2 2 2 2 2 2 2 4 4 2 4 4 4 4 4 4 2 2 2 4 4 2 4 4 4 2 4 2 2 4 2 2 2 2 2 2 2 2 2 6 6 6 2 2 2 2 2 2 2 2 2 2 2 2 2 4 2 2 4 4 4 2 2 4 4 4 4 4 4 4 4 4 4 4 4 4 4 4 4 4 4 4
 8 8 8 8 8 8 8 8 8 8 8 8 8 8 8 8 8 8 8 8 8 8 8 8 8 8 8 8 8 8 8 8 8 8 8 8 4 4 4 4 2 2 2 2 2 2 2 2 2 2 2 2 2 2 2 2 2 2 2 2 2 2 2 2 2 2 2 4 4 4 4 4 4 4 4 4 4 4 4 4 4 4 4 4 8 8 4 4 4 4 4 4 4 4 8 4 8 8 8 8 8 8 8 8 4 4 2 2 4 2 2 2 2 2 2 2 2 2 2 6 6 6 6 6 6 6 6 6 2 6 2 2 2 2 2 2 2 2 2 2 2 6 6 6 6 6 2 2 2 2 2 2 2 2 4 4 4 2 2 2 2 2 2 2 2 2 2 2 4 2 2 4 4 4 4 4 4 4 4 4 4 4 4 4 4 2 2 2 2 2 2 2 2 2 6 2 2 6 2 2 2 2 6 6 6 6 2 2 2 2 2 2 4 4 4 4 4 4 2 2 2 2 2 2 4 4 4 4 4 4 4 4 4 4 4 4 4 4 4 4 4 4 2
 8 8 8 8 8 8 8 8 8 8 8 8 8 8 8 8 8 8 8 8 8 8 8 8 8 8 8 8 8 8 8 8 8 8 8 8 4 4 4 2 2 2 2 2 2 2 2 2 2 2 2 2 2 2 2 4 4 4 2 2 2 2 4 2 2 2 2 4 4 4 4 4 4 4 4 4 4 4 4 4 4 8 4 4 8 8 4 4 4 8 4 4 4 8 8 8 8 8 8 8 8 8 8 8 4 4 2 4 4 2 2 2 2 2 2 2 2 2 2 6 6 6 6 6 6 6 6 6 6 6 6 2 2 2 2 2 2 2 2 2 2 2 2 6 6 6 6 2 2 2 2 2 2 2 4 4 4 2 2 2 2 2 2 2 2 2 2 4 4 4 4 4 4 4 4 4 4 4 4 2 2 2 2 2 2 2 2 2 2 2 2 2 2 2 6 6 2 6 6 2 2 6 2 6 6 6 6 6 2 2 2 2 4 4 4 4 4 2 2 2 2 2 2 2 2 2 2 2 4 4 4 4 4 4 4 4 4 4 4 4 4 2 4
 8 8 8 8 8 8 8 8 8 8 8 8 8 8 8 8 8 8 8 8 8 8 8 8 8 8 8 8 8 8 8 8 8 8 8 8 8 4 4 4 2 2 2 2 2 2 2 2 2 2 2 2 2 2 2 4 2 2 2 2 2 4 4 2 2 2 4 4 4 4 4 4 4 4 4 4 4 4 4 4 4 4 4 4 8 8 8 4 4 4 8 4 4 4 8 8 8 8 8 8 8 8 8 4 4 4 4 4 4 2 2 2 2 2 2 2 2 2 2 2 6 6 6 6 6 6 6 6 6 6 6 6 6 6 6 2 6 6 6 6 2 2 6 6 6 6 6 6 6 6 6 2 6 2 2 2 2 2 2 2 2 2 2 2 2 2 2 4 4 4 4 4 4 4 4 2 2 2 2 2 2 2 2 2 2 2 2 6 6 6 6 6 2 2 6 6 6 6 6 6 6 6 6 6 2 6 6 2 2 2 2 2 2 2 2 2 2 2 2 2 2 2 2 2 2 2 2 2 4 4 4 4 4 4 4 4 4 2 2 2 4 4 4
 8 8 8 8 8 8 8 8 8 8 8 8 8 8 8 8 8 8 8 8 8 8 8 8 8 8 8 8 8 8 8 8 8 8 8 8 8 8 4 2 2 2 2 2 2 2 2 2 2 2 2 2 2 2 2 4 4 2 2 2 2 4 4 2 2 4 4 4 4 4 4 4 4 4 4 4 4 4 4 4 4 4 4 4 8 8 4 4 4 4 4 4 4 4 8 4 4 4 4 8 8 8 8 8 4 4 4 4 4 2 2 2 2 2 2 2 2 2 2 2 2 2 2 6 6 6 6 6 6 6 6 6 6 6 6 6 6 6 6 6 6 6 6 6 6 6 6 6 6 6 6 6 6 2 2 2 2 2 2 2 2 4 2 2 2 2 2 4 4 4 4 4 4 2 2 2 2 2 2 2 2 2 2 2 2 2 2 6 6 6 6 2 2 2 2 2 2 6 2 6 2 6 6 6 6 6 6 6 2 2 2 2 2 2 2 2 2 2 2 2 2 2 2 2 4 4 4 2 2 4 2 2 2 2 2 2 4 2 2 2 4 2 2
 8 8 8 8 8 8 8 8 8 8 8 8 8 8 8 8 8 8 8 8 8 8 8 8 8 8 8 8 8 8 8 8 8 8 8 8 8 8 4 2 2 2 2 2 2 2 2 2 2 2 2 2 2 2 2 4 4 2 2 2 4 4 2 2 2 4 4 4 4 4 4 4 4 4 4 4 4 4 4 4 4 4 4 4 4 8 4 4 4 4 4 4 4 4 8 8 4 4 4 8 8 8 8 8 8 4 4 4 4 2 2 2 2 2 2 2 2 2 2 2 2 2 2 6 6 6 6 6 6 6 6 6 6 6 6 6 6 6 6 6 6 6 6 6 6 6 6 6 6 6 6 6 6 6 6 6 6 6 2 2 2 2 2 2 2 4 4 4 4 4 2 2 2 2 2 2 6 6 2 2 2 2 2 2 2 2 2 2 2 2 2 2 2 2 2 2 2 2 6 6 6 6 6 6 6 6 6 6 6 2 6 6 6 6 6 6 6 2 2 2 2 2 2 2 4 4 4 2 2 4 4 2 2 2 2 2 2 2 2 2 2 2 2
 8 8 8 8 8 8 8 8 8 8 8 8 8 8 8 8 8 8 8 8 8 8 8 8 8 8 8 8 8 8 8 8 8 8 8 8 8 8 8 4 2 2 2 2 2 2 2 2 2 2 2 2 2 2 2 4 4 2 2 2 2 4 4 2 4 4 4 4 4 4 4 4 4 8 8 4 4 4 4 4 4 4 4 4 4 8 8 4 4 4 4 4 4 4 8 8 8 8 8 8 8 8 8 8 8 8 4 4 2 2 2 2 2 2 2 2 2 2 2 2 2 2 2 2 6 6 6 6 6 6 6 6 6 6 6 6 6 6 6 6 6 2 2 6 6 6 6 6 6 6 6 6 6 6 6 6 6 6 6 6 6 6 2 2 2 2 2 2 2 2 2 6 6 6 2 2 2 2 2 2 2 2 2 2 2 2 2 2 2 6 2 2 2 6 6 6 6 2 6 2 6 6 6 6 6 6 6 6 6 6 6 6 6 6 6 6 6 2 2 2 2 2 2 2 8 4 2 2 2 4 2 2 2 2 2 2 2 2 2 2 2 2 2
 8 8 8 8 8 8 8 8 8 8 8 8 8 8 8 8 8 8 8 8 8 8 8 8 8 8 8 8 8 8 8 8 8 8 8 8 8 8 8 4 2 2 2 2 2 2 2 2 2 2 2 2 2 4 4 2 2 2 2 2 4 2 2 2 2 4 4 4 4 4 4 4 4 4 4 4 4 4 4 4 4 4 4 4 4 8 4 4 8 4 4 4 4 4 8 8 8 8 8 8 8 8 8 8 8 8 4 4 2 2 2 2 2 2 2 2 2 2 2 2 2 2 2 2 2 2 6 6 6 6 6 6 6 6 6 6 6 6 6 6 6 6 2 6 6 6 6 6 6 6 6 6 6 6 6 6 6 6 6 6 6 6 6 2 2 2 2 6 6 6 6 6 6 6 2 2 2 2 2 2 2 2 6 2 2 2 2 2 2 6 2 2 2 6 6 6 6 6 6 6 6 6 6 6 6 6 6 6 6 6 6 6 6 6 2 6 6 2 2 2 2 2 2 2 2 2 2 2 2 2 2 2 2 2 2 2 2 2 2 2 2 2 2
 8 8 8 8 8 8 8 8 8 8 8 8 8 8 8 8 8 8 8 8 8 8 8 8 8 8 8 8 8 8 8 8 8 8 8 8 8 8 8 4 4 2 2 2 2 2 2 2 2 2 2 2 4 4 2 2 2 2 4 4 2 2 2 2 2 4 4 4 4 4 4 4 4 4 4 8 4 4 4 4 4 4 4 4 4 8 8 4 4 4 4 4 4 4 8 8 8 8 8 8 8 8 8 8 8 8 8 4 2 2 2 2 2 2 2 2 2 2 2 2 2 2 2 2 2 2 2 6 6 6 6 6 6 6 6 6 6 6 6 6 6 6 6 6 6 6 6 6 6 6 6 6 6 6 6 6 6 6 6 6 6 6 6 6 6 6 6 6 6 6 2 2 2 2 2 2 2 2 2 2 2 2 2 2 2 2 2 2 2 6 6 6 2 6 6 6 6 6 6 6 6 6 6 6 6 6 6 6 6 6 6 6 6 6 2 6 6 6 2 2 2 2 2 2 2 2 6 2 2 2 2 2 2 2 2 2 2 2 2 2 2 2 2
 8 8 8 8 8 8 8 8 8 8 8 8 8 8 8 8 8 8 8 8 8 8 8 8 8 8 8 8 8 8 8 8 8 8 8 8 8 8 8 8 4 2 2 2 2 2 2 2 2 2 2 2 4 2 2 2 2 4 4 2 2 2 2 2 2 4 4 2 4 4 4 4 4 4 4 8 8 4 4 4 4 4 4 4 4 4 4 4 4 4 4 4 4 4 4 4 4 8 8 8 8 8 8 8 8 8 8 4 2 2 2 2 2 2 2 2 2 2 2 2 2 2 2 2 2 2 2 2 6 6 6 6 6 2 6 6 6 6 6 6 6 6 6 6 6 6 6 6 6 6 6 6 6 6 6 6 6 6 6 6 6 6 6 6 6 6 2 2 2 2 2 2 2 2 2 2 2 2 2 2 2 2 2 2 2 2 2 2 2 2 2 2 2 2 2 6 6 6 2 6 6 6 6 6 6 6 6 6 6 6 6 6 6 6 6 6 6 6 6 2 2 2 2 2 2 2 2 2 2 2 2 2 2 2 2 2 2 2 2 2 2 2 2
 8 8 8 8 8 8 8 8 8 8 8 8 8 8 8 8 8 8 8 8 8 8 8 8 8 8 8 8 8 8 8 8 8 8 8 8 8 8 8 8 4 2 2 2 2 2 2 2 2 2 2 4 4 4 2 2 2 4 4 2 2 2 2 2 2 4 2 2 2 4 4 4 4 4 4 8 8 8 4 4 4 4 4 4 4 4 4 4 4 4 4 4 4 4 4 4 4 4 4 8 4 8 8 8 8 8 8 4 4 2 2 2 2 2 2 2 2 2 2 2 2 2 2 2 2 2 2 2 2 6 6 6 6 6 6 6 6 6 6 6 6 6 6 6 6 6 6 6 6 6 6 6 6 6 6 6 6 6 6 6 6 6 6 6 6 6 6 6 6 6 6 2 2 2 6 2 2 2 2 2 2 2 6 2 2 2 2 2 6 6 6 6 2 2 2 2 6 6 2 2 6 6 6 6 6 6 6 6 6 6 6 6 6 6 6 6 6 6 6 6 6 6 2 2 6 6 2 2 2 2 2 2 2 2 2 2 2 2 2 2 2 2 2
 8 8 8 8 8 8 8 8 8 8 8 8 8 8 8 8 8 8 8 8 8 8 8 8 8 8 8 8 8 8 8 8 8 8 8 8 8 8 8 4 4 2 2 2 2 2 2 4 4 2 2 4 4 4 2 2 4 4 4 2 2 2 2 2 4 4 2 2 2 4 4 4 4 4 4 4 8 8 4 4 4 4 8 4 4 4 4 4 4 4 4 4 4 8 8 8 4 4 8 8 8 4 4 4 8 8 8 4 4 4 4 2 2 2 2 2 2 2 2 2 2 2 2 2 2 2 2 2 2 2 6 6 6 6 6 6 6 6 6 6 6 6 6 6 6 6 6 6 6 6 6 6 6 6 6 6 6 6 6 6 6 6 6 6 6 6 6 6 6 6 6 6 2 2 6 6 6 6 2 2 2 2 2 2 2 2 2 2 6 6 2 6 6 2 2 2 2 6 6 6 6 6 6 6 6 6 6 6 6 6 6 6 6 6 6 6 6 6 6 6 6 6 2 2 2 2 6 6 6 6 2 2 2 2 2 2 2 2 2 2 2 2 2
 8 8 8 8 8 8 8 8 8 8 8 8 8 8 8 8 8 8 8 8 8 8 8 8 8 8 8 8 8 8 8 8 8 8 8 8 4 4 8 4 4 2 2 2 2 2 4 4 4 2 4 4 4 4 4 4 4 4 4 4 2 4 2 2 2 4 4 2 2 4 4 4 4 4 4 4 4 4 4 4 4 4 4 4 4 4 8 8 8 4 4 4 4 4 8 8 8 8 8 4 4 4 4 4 8 8 8 4 4 4 2 2 2 2 2 2 2 2 2 2 2 2 2 2 2 2 2 2 2 2 2 2 6 6 6 6 6 6 6 6 6 6 6 6 6 6 6 6 2 2 6 6 6 6 6 6 6 6 6 6 6 6 6 6 6 6 6 6 6 6 6 6 6 6 6 6 2 6 6 2 2 2 2 2 2 2 6 6 6 6 6 6 6 6 6 6 6 6 6 6 6 6 6 6 6 6 6 6 6 6 6 6 6 6 6 6 6 6 6 6 6 6 6 6 2 2 6 6 6 6 6 6 2 2 2 2 2 2 2 2 2 2 2
 8 8 8 8 8 8 8 8 8 8 8 8 8 8 8 8 8 8 8 8 8 8 8 8 8 8 8 8 8 8 8 8 8 8 8 8 4 4 8 4 4 2 2 2 2 2 2 4 4 2 4 4 4 4 4 4 4 4 4 2 4 2 2 2 2 2 4 2 4 4 4 4 4 4 4 4 4 4 4 4 4 4 4 4 4 4 8 4 8 8 4 4 4 4 4 8 4 4 8 4 4 4 4 4 4 8 8 4 4 2 2 2 2 2 2 2 2 2 2 2 2 2 2 2 2 2 6 6 2 2 2 2 2 2 2 6 6 6 6 6 6 6 6 6 2 2 6 6 6 6 2 6 6 6 6 6 6 6 6 6 6 6 6 6 6 6 6 6 6 6 6 6 6 6 6 6 6 2 6 6 6 6 6 2 6 6 6 6 6 6 6 6 6 6 6 6 6 6 6 6 6 6 6 6 6 6 6 6 6 6 6 6 6 6 6 6 6 6 6 6 6 6 6 6 2 2 2 6 6 6 6 2 2 2 2 2 2 2 2 2 2 2 2
 8 8 8 8 8 8 8 8 8 8 8 8 8 8 8 8 8 8 8 8 8 8 8 8 8 8 8 8 8 8 8 8 8 8 8 8 4 4 4 4 2 2 2 2 2 4 2 2 2 2 4 4 4 4 4 2 4 4 4 2 2 2 2 2 2 2 4 2 2 4 4 4 4 4 4 4 4 4 4 4 4 4 4 4 4 4 4 4 4 4 4 4 4 4 4 8 8 4 8 4 4 4 4 4 4 4 8 4 2 2 2 2 2 2 2 2 2 2 2 2 2 2 2 2 2 2 6 6 2 2 2 2 2 2 2 6 6 6 6 6 6 6 6 6 6 6 6 6 6 6 6 6 6 2 2 6 6 6 6 6 6 6 6 6 6 6 6 6 6 6 6 6 6 6 6 6 6 2 6 6 6 6 6 6 6 6 6 6 2 2 2 6 6 6 6 6 6 6 6 6 6 6 6 6 6 6 6 6 6 6 6 6 6 6 6 6 6 6 6 6 2 6 6 6 6 2 2 2 2 2 6 6 2 2 2 2 2 2 2 2 2 2 2
 8 8 8 8 8 8 8 8 8 8 8 8 8 8 8 8 8 8 8 8 8 8 8 8 8 8 8 8 8 8 8 8 8 8 8 8 8 4 4 2 2 2 2 2 4 2 2 2 2 4 4 4 4 4 4 4 4 4 2 2 2 2 2 2 2 2 4 2 2 4 4 4 4 4 4 8 8 4 4 4 4 4 4 4 4 4 4 4 4 4 4 4 4 4 4 8 8 8 8 4 4 4 4 4 4 4 4 2 2 4 2 2 2 2 2 2 2 2 2 2 2 2 2 2 2 2 2 6 6 6 2 2 2 2 2 2 2 6 6 6 6 6 6 6 6 2 6 2 6 6 6 6 6 6 6 6 6 6 6 6 6 6 6 6 6 6 2 2 6 6 6 6 6 6 6 6 6 6 6 2 2 6 6 6 6 6 6 6 2 2 2 2 6 6 6 6 6 6 6 6 6 6 6 6 6 6 6 6 6 6 6 6 6 6 6 6 6 6 6 6 6 2 2 6 6 2 2 2 6 2 6 6 6 2 2 2 2 2 2 2 2 2 2
 8 8 8 8 8 8 8 8 8 8 8 8 8 8 8 8 8 6 6 8 8 8 8 8 8 8 8 8 8 8 8 8 8 8 8 8 8 8 4 2 2 2 4 4 2 2 2 4 4 4 4 4 4 4 4 2 2 2 2 2 2 2 2 2 2 2 2 2 2 4 4 4 4 4 4 8 8 8 4 4 4 4 4 4 4 4 4 4 4 4 4 4 4 4 4 8 8 8 4 4 4 4 4 4 4 2 2 2 4 2 2 2 2 2 2 2 2 2 2 2 2 2 2 2 2 2 2 2 2 6 6 2 2 2 2 2 2 2 2 6 6 2 6 6 6 6 6 6 6 6 2 6 6 6 6 6 6 6 6 6 6 6 6 6 6 6 6 6 6 6 6 6 6 6 6 6 6 6 6 6 2 2 6 6 6 6 2 2 2 2 2 2 6 6 6 6 6 6 6 6 6 6 6 6 6 6 6 6 6 6 6 6 6 6 6 6 6 6 6 6 6 6 2 6 6 6 2 2 6 6 6 6 6 6 2 2 2 2 2 2 2 2 2
 8 8 8 8 8 8 8 8 8 8 8 8 8 8 8 8 8 4 8 8 8 8 8 8 8 8 8 8 8 8 8 8 8 8 8 8 8 8 4 2 2 4 4 4 2 2 4 4 4 4 4 4 4 4 4 4 2 2 2 2 2 2 2 2 2 4 4 4 4 4 4 4 4 4 4 4 4 4 4 4 4 4 4 4 4 4 4 4 4 4 4 4 4 4 4 8 8 8 8 4 4 4 4 4 2 2 2 2 2 2 2 2 2 2 2 2 2 2 2 2 2 2 2 2 2 2 2 2 2 6 6 2 2 2 2 2 2 2 2 6 6 2 2 6 6 6 6 6 6 6 6 6 6 6 6 6 6 6 6 6 6 6 6 6 6 6 6 6 6 6 6 6 6 6 6 6 6 6 6 6 6 2 2 2 6 6 6 2 6 6 6 2 6 6 6 6 6 6 6 6 6 6 6 6 6 2 6 6 6 6 6 6 6 6 6 6 6 6 6 6 6 6 6 6 6 6 6 6 6 6 6 6 6 6 6 2 2 2 2 2 2 2 2
 8 8 8 8 8 8 8 8 8 8 8 8 8 8 8 8 8 4 4 4 4 4 4 8 8 8 8 8 8 8 8 8 8 8 8 8 8 8 4 4 4 4 4 4 2 4 4 4 4 4 4 4 4 4 4 2 2 2 2 2 2 2 2 2 2 4 4 4 4 4 4 4 4 4 4 4 4 4 4 4 4 4 4 4 4 4 4 4 4 4 4 4 4 4 4 8 8 8 8 8 4 4 4 2 2 2 2 2 2 6 2 6 2 2 2 2 2 2 2 2 2 2 2 2 2 2 2 2 2 2 6 2 2 2 2 2 2 2 2 2 6 6 2 6 6 6 6 6 6 2 6 6 6 6 6 6 2 6 6 6 6 6 6 6 6 6 6 6 6 6 2 6 6 6 6 6 2 2 2 2 2 2 2 2 6 6 6 6 6 6 6 6 2 6 6 6 6 6 6 6 6 6 6 6 6 6 6 6 6 6 6 6 6 6 6 6 6 6 6 6 6 6 6 6 6 6 6 6 6 6 2 2 6 6 6 6 6 2 2 2 2 2 2
 8 8 8 8 8 8 8 8 8 8 8 8 8 8 8 8 8 8 8 8 8 8 4 4 4 8 8 8 8 8 8 8 8 8 8 8 8 8 4 4 4 2 4 4 2 4 4 4 4 4 4 4 4 4 4 2 2 2 2 2 2 2 2 2 4 4 4 4 4 4 4 4 4 4 4 4 4 4 4 4 4 4 4 4 4 4 4 4 4 4 4 4 4 4 8 8 8 8 8 8 4 4 2 2 2 2 6 6 6 6 6 2 2 2 2 2 2 2 2 2 2 2 2 2 2 2 2 2 2 2 2 2 2 2 2 2 2 2 2 2 6 6 2 2 2 6 6 6 6 2 6 6 6 6 6 6 2 6 6 6 6 6 6 6 6 6 6 6 6 6 6 6 6 6 6 6 2 2 2 2 2 2 2 2 6 6 6 6 2 2 2 2 6 6 6 6 6 6 6 6 6 6 6 6 6 6 6 6 6 6 6 6 6 6 6 6 6 6 6 6 6 6 6 6 6 6 6 6 6 6 6 6 6 6 6 6 6 2 2 2 2 2 2
 8 8 8 8 8 8 8 8 8 8 8 8 8 8 8 8 8 8 8 8 8 8 8 4 4 4 4 8 8 8 8 8 8 8 8 8 8 8 8 4 4 2 2 2 2 4 4 4 2 2 4 4 4 2 2 2 2 2 2 2 2 4 4 4 4 4 4 4 4 4 4 4 4 4 4 4 4 4 4 4 4 4 4 4 4 4 4 4 4 4 4 4 4 8 4 8 8 8 8 8 8 4 4 4 2 2 6 6 6 6 6 2 2 2 2 2 2 2 2 2 2 2 2 2 2 2 2 2 2 2 2 2 2 2 6 2 2 2 2 2 6 6 2 2 2 2 6 6 6 2 6 6 6 6 6 6 6 6 6 6 6 6 6 6 6 6 6 6 6 6 6 6 6 2 2 2 2 2 2 6 2 2 6 6 6 6 6 2 2 2 2 2 2 2 2 6 6 6 6 6 6 6 6 6 6 6 6 6 6 6 6 6 6 6 6 6 6 6 6 6 6 6 6 6 6 6 6 6 6 6 6 6 6 6 2 6 2 2 6 2 2 2 2
 8 8 8 8 8 8 8 8 8 8 8 8 8 8 8 8 8 8 8 8 8 8 8 4 4 4 4 4 8 8 8 8 8 8 8 8 8 8 8 8 4 4 2 2 2 2 4 2 2 2 4 4 2 2 2 4 4 4 4 4 2 4 4 4 4 4 4 4 4 4 4 4 4 4 4 4 4 4 4 4 4 4 4 4 4 4 4 4 4 4 4 4 4 8 4 8 8 8 8 8 8 8 4 4 2 2 2 2 6 6 2 2 2 2 2 2 2 2 2 2 2 2 2 2 2 2 2 2 6 2 2 2 2 2 6 2 2 2 2 2 2 2 2 2 2 2 6 6 2 2 2 6 6 6 6 2 2 6 6 6 2 6 6 6 6 6 6 6 6 6 6 6 6 2 2 2 2 2 2 2 2 2 2 2 2 6 6 2 2 2 2 6 6 6 6 6 6 6 6 6 6 6 6 6 6 6 6 6 6 6 6 6 6 6 6 6 6 6 6 6 6 6 6 6 6 6 6 6 6 6 6 6 6 6 6 6 6 2 2 6 6 2 2
 4 8 8 8 8 8 8 8 8 8 8 8 8 8 8 8 8 4 4 4 8 8 8 4 4 4 4 4 4 4 8 8 8 8 8 4 8 8 8 8 4 4 4 2 2 2 2 2 2 2 2 4 2 2 4 4 2 2 2 2 2 2 4 2 4 4 4 4 4 4 4 4 4 4 4 4 4 4 4 4 4 4 4 4 4 4 4 4 4 8 4 4 4 4 4 4 6 8 8 8 8 8 8 4 2 2 2 2 2 2 2 2 2 2 2 2 2 2 2 2 2 2 2 2 2 2 2 2 2 2 2 2 2 2 6 2 2 2 2 2 2 2 2 2 6 6 6 6 2 2 2 2 2 6 6 2 2 2 6 6 2 6 6 6 6 6 6 6 6 6 6 6 6 2 2 2 2 2 2 2 2 2 2 6 2 6 2 2 2 2 2 2 6 6 6 6 6 6 6 6 6 6 6 6 6 6 6 6 6 6 6 6 6 6 6 6 6 6 6 6 6 6 6 6 6 6 6 2 6 6 6 6 6 6 6 6 6 6 6 6 6 2 2
 4 4 4 8 8 8 8 8 8 8 8 8 8 8 8 4 8 4 4 4 4 4 4 4 4 4 4 4 4 4 4 8 8 8 4 4 4 4 4 4 4 4 2 2 2 2 2 4 2 2 4 4 4 2 2 2 2 2 2 2 2 2 4 2 4 4 4 4 4 4 4 4 4 4 4 4 4 4 4 4 4 4 4 4 4 4 4 4 4 4 4 4 4 4 4 4 4 8 8 8 8 8 8 8 4 2 2 2 2 2 2 2 2 2 2 2 2 2 2 2 2 2 6 2 2 2 2 2 2 4 2 2 2 2 4 4 4 4 4 4 2 2 2 2 2 2 6 6 2 2 2 2 2 2 2 2 2 2 6 6 6 6 6 6 6 6 6 6 6 6 6 6 6 6 6 2 2 2 2 2 2 2 2 2 2 2 2 2 2 2 2 2 6 2 2 6 6 6 6 6 6 6 6 6 6 6 6 6 6 6 6 6 6 6 6 6 6 6 6 6 6 6 6 6 6 6 6 6 6 6 6 6 6 6 6 6 6 6 6 6 6 6 2
 8 8 8 8 8 8 8 8 8 8 8 8 8 8 8 4 4 4 4 4 8 8 8 4 4 4 4 4 4 4 4 4 4 4 4 4 4 4 4 4 4 4 4 2 2 2 2 2 2 2 2 4 2 2 2 2 2 2 2 2 2 2 4 2 4 4 4 4 4 4 4 4 4 4 4 4 4 4 4 4 4 4 4 4 4 4 4 4 4 4 4 4 4 4 4 4 4 8 8 8 8 8 6 8 8 4 4 2 2 2 2 2 2 2 2 2 2 2 2 2 2 2 2 2 2 2 2 2 2 4 2 2 2 2 2 2 2 4 4 4 2 2 2 4 2 2 2 8 4 2 2 2 2 2 2 2 2 2 6 6 2 2 6 6 6 6 6 6 6 6 6 6 6 2 2 2 2 2 2 2 2 2 2 2 2 2 2 2 2 2 2 2 6 2 2 6 6 6 6 6 2 6 6 6 6 6 6 6 6 6 6 6 6 6 6 6 6 6 6 6 6 6 6 6 6 6 6 6 6 6 6 6 6 6 6 6 6 6 6 6 6 6 2
 4 8 8 8 8 8 8 8 8 8 8 8 8 8 8 8 4 4 4 4 8 8 8 4 4 4 4 4 4 4 4 4 4 4 4 4 4 4 4 4 4 4 4 4 2 4 4 2 4 2 4 4 2 2 2 2 2 2 2 2 2 4 2 4 4 4 4 4 4 4 2 4 4 4 4 4 4 4 4 4 4 4 4 4 4 4 4 4 4 4 4 4 4 4 4 4 4 4 8 8 8 8 8 8 8 4 2 2 2 2 2 2 2 2 2 2 2 2 2 2 2 2 2 2 2 2 2 2 4 4 2 2 2 2 2 4 4 2 2 2 2 2 2 4 2 2 2 4 4 2 2 2 2 2 2 2 2 2 6 6 6 2 2 2 6 6 6 6 6 6 6 6 6 6 6 2 2 2 2 2 2 2 2 2 2 6 6 2 2 2 2 2 2 2 2 2 6 6 2 6 6 6 6 6 6 6 6 6 6 6 6 6 6 6 6 6 6 6 6 6 6 6 6 6 6 6 6 6 6 6 6 6 6 6 6 6 6 6 6 6 6 6 6
 4 4 4 4 8 8 8 8 8 8 8 8 8 8 8 8 4 4 4 4 8 4 4 4 4 4 4 4 4 4 8 8 8 4 4 4 2 2 2 2 2 2 2 2 2 4 4 4 4 4 4 2 4 4 2 2 2 2 4 2 2 4 4 4 4 4 4 4 4 4 4 4 4 4 4 4 4 4 4 4 4 4 4 4 4 4 4 4 4 4 4 4 4 4 4 4 4 4 8 8 8 8 4 4 4 2 2 2 2 2 2 2 2 2 2 2 2 2 2 2 2 2 2 2 2 2 4 4 4 4 4 2 2 2 2 4 2 2 2 2 2 2 2 4 4 2 2 4 2 2 2 2 2 2 2 2 2 2 6 6 4 2 4 2 2 6 6 6 6 6 6 6 6 6 6 6 2 2 2 2 2 2 2 2 2 2 2 2 2 2 2 2 2 2 2 2 2 6 2 6 6 6 6 6 6 6 6 6 6 6 6 6 6 6 6 6 6 6 6 6 6 6 6 6 6 6 6 6 6 6 6 6 6 6 6 6 6 6 6 6 6 6 6
 8 8 8 8 4 8 4 8 8 8 8 8 8 8 8 8 8 8 4 4 8 8 8 4 4 4 4 4 4 4 4 4 4 4 2 2 2 2 6 6 6 6 2 2 2 2 4 4 4 4 4 2 2 4 4 2 4 4 2 2 2 2 4 4 4 4 4 4 4 4 4 4 4 4 4 4 4 4 4 4 4 4 4 4 4 4 4 4 4 4 4 4 4 4 4 4 4 4 4 4 8 8 4 2 2 2 2 2 2 2 2 2 2 2 2 2 2 2 2 2 2 2 2 2 2 4 2 2 4 4 2 2 2 2 4 2 2 2 4 2 2 4 4 4 4 2 2 4 2 2 2 2 2 2 2 2 2 2 2 8 8 4 4 4 2 2 6 6 6 6 6 6 6 2 6 2 2 2 2 2 2 2 2 2 2 6 6 2 2 2 2 2 2 2 2 2 2 2 6 6 6 6 6 6 6 6 6 6 6 6 6 6 6 6 6 6 6 6 6 6 6 6 6 6 6 6 6 6 6 6 6 6 6 6 6 6 6 6 6 6 6 6 2
 8 8 8 8 8 4 4 8 8 8 8 8 8 8 8 8 8 8 8 4 4 4 4 4 4 4 4 4 4 4 4 4 4 4 2 2 6 6 6 6 6 6 6 6 6 2 2 2 2 4 4 4 4 4 4 4 4 4 4 2 2 4 4 4 4 4 4 4 4 4 4 4 4 4 4 4 4 4 4 4 4 4 4 4 4 4 4 4 4 4 4 4 4 4 4 4 4 4 4 4 4 4 2 2 2 2 2 2 2 2 2 2 2 2 2 2 2 2 2 2 2 2 2 2 4 4 2 2 4 4 4 2 2 2 4 4 4 4 2 2 2 2 4 4 4 2 2 2 2 2 2 2 4 2 2 2 4 4 4 4 2 4 4 2 2 2 2 2 2 6 6 6 2 2 6 6 2 2 2 2 2 2 2 2 2 2 2 2 2 2 2 2 6 2 2 2 2 2 2 6 2 6 6 6 6 6 6 6 6 6 6 6 6 6 6 6 6 6 6 6 6 6 6 6 6 6 6 6 6 6 6 6 6 6 6 6 6 6 6 6 6 6 6
 8 8 8 8 8 8 4 4 4 8 8 8 8 8 8 8 8 4 8 4 4 4 4 4 4 4 4 4 4 4 4 4 2 2 2 2 6 2 2 6 6 6 6 6 6 6 6 6 2 2 2 2 4 4 2 4 4 4 4 4 4 4 4 4 4 4 4 4 4 4 4 4 4 4 4 4 4 4 4 8 4 4 4 4 4 4 4 4 4 4 4 4 4 4 4 4 4 4 4 4 4 2 2 2 2 2 2 6 6 2 2 2 2 2 2 2 2 2 2 2 2 2 2 2 4 2 2 8 8 4 4 4 4 2 4 4 4 2 2 2 2 2 2 2 2 2 2 2 4 4 4 4 4 4 4 4 2 2 4 4 4 4 2 2 2 2 2 2 2 2 6 6 2 2 2 2 2 2 2 2 2 2 2 2 2 2 2 2 2 2 2 2 2 2 2 2 2 2 2 2 6 6 6 6 6 6 6 6 6 6 6 6 6 6 6 6 6 6 6 6 6 6 6 6 6 6 6 6 6 6 6 6 6 6 6 6 6 6 6 6 6 6 6
 8 8 8 8 8 8 4 8 8 8 8 8 8 8 8 8 8 8 4 4 4 4 4 4 4 4 4 4 4 4 4 2 2 2 2 2 2 2 2 6 6 2 6 6 6 6 6 6 6 6 2 2 2 2 2 4 4 4 4 4 4 4 4 4 4 4 4 4 4 4 4 4 4 4 4 4 4 4 4 4 4 4 4 4 4 4 4 4 4 4 4 4 4 4 4 4 4 4 4 4 4 2 2 6 6 6 6 6 6 6 2 2 2 2 2 2 2 2 2 2 2 2 2 4 4 2 2 8 8 4 4 4 2 2 2 4 4 2 2 2 2 2 4 4 2 2 2 4 4 4 4 2 2 4 4 4 4 2 2 2 2 2 4 4 2 2 2 4 4 4 4 4 2 2 2 2 2 2 2 2 2 2 2 2 2 2 2 2 2 2 2 2 2 2 2 2 2 2 2 2 2 6 2 2 2 6 6 6 6 6 6 6 6 6 6 6 6 6 6 6 6 6 6 6 6 6 6 6 6 6 6 6 6 6 6 6 6 6 6 6 6 6 6
 8 8 8 4 8 8 8 4 8 8 8 8 8 4 8 8 8 8 4 4 4 4 4 4 4 4 4 4 4 4 2 2 2 6 2 2 2 2 6 6 6 2 2 6 6 6 6 6 6 6 6 6 2 2 2 2 4 4 4 4 4 4 4 4 4 4 4 4 4 4 4 4 4 4 4 4 4 4 4 4 4 4 4 4 4 4 4 4 4 4 4 4 4 4 4 4 4 4 4 4 4 2 2 6 6 6 6 2 6 6 2 2 2 2 2 2 2 2 2 2 2 2 4 4 4 2 2 4 8 8 4 4 2 2 4 4 4 2 2 2 2 4 4 4 2 4 4 4 4 4 2 2 2 4 4 4 4 2 2 4 4 4 4 4 2 4 4 4 4 4 4 2 2 2 2 2 2 2 2 2 2 2 2 2 2 2 2 2 2 2 2 2 2 2 2 2 2 2 2 2 2 2 2 2 2 2 2 6 6 6 6 6 6 6 6 6 6 6 6 6 6 6 6 6 6 6 6 6 6 6 6 6 6 6 6 6 6 6 6 6 6 6 6
 8 8 8 4 8 8 4 8 8 4 4 4 8 8 8 8 8 4 4 4 4 4 4 4 4 4 4 4 4 2 2 6 6 2 2 2 2 2 6 6 6 6 2 2 6 6 6 6 6 6 6 6 6 6 6 2 2 2 2 4 4 4 4 4 4 4 4 4 4 4 4 4 4 4 4 4 4 4 4 4 4 4 4 4 4 4 4 4 4 4 2 2 2 2 2 2 2 2 4 4 2 2 2 2 6 6 6 6 6 2 2 2 2 2 2 2 2 2 2 2 2 4 4 4 4 4 2 4 4 4 4 2 2 4 4 4 4 2 2 2 4 4 4 4 2 2 4 4 4 4 4 4 4 4 4 4 4 4 4 4 4 4 4 4 4 4 4 4 4 4 4 4 2 2 2 2 2 2 2 2 2 2 2 2 2 2 2 2 2 2 2 2 2 2 2 2 2 2 2 2 2 2 2 2 2 4 2 2 6 6 6 6 6 6 6 6 6 6 6 6 6 6 6 6 6 6 6 6 6 6 6 6 6 6 6 6 6 6 6 6 6 6 6
 8 8 8 8 8 4 4 4 4 4 4 4 4 4 8 8 8 4 4 4 4 4 4 4 4 4 4 2 2 2 6 2 2 2 6 2 2 2 2 6 6 6 2 2 2 6 6 6 6 6 6 6 6 6 6 6 6 2 2 2 2 2 2 4 4 4 4 4 4 4 4 4 4 4 4 4 4 4 4 4 4 4 4 4 4 4 4 4 2 2 2 6 6 6 6 6 6 2 2 2 2 2 2 2 2 2 2 2 2 2 2 2 2 2 2 2 2 2 2 2 2 4 4 4 4 2 2 2 4 4 4 4 4 2 2 4 4 4 4 4 4 4 4 4 4 2 4 4 4 4 4 4 4 4 4 4 4 4 4 4 4 4 4 4 4 4 4 4 4 4 4 2 2 2 4 2 2 2 2 2 2 2 2 2 2 2 2 2 2 2 2 2 2 2 2 2 2 2 2 2 2 2 2 2 4 4 2 2 8 6 6 2 6 6 6 6 6 6 6 6 6 6 6 6 6 6 6 6 6 6 6 6 6 6 6 6 6 6 6 6 6 6 6
 8 8 4 8 8 4 4 4 4 4 4 4 4 4 4 8 8 4 4 4 4 4 4 4 4 4 2 2 2 6 2 2 2 6 6 6 2 6 6 2 2 6 6 2 2 2 2 6 6 6 6 6 6 6 6 6 6 6 6 6 6 2 2 2 2 2 2 2 2 2 2 2 2 2 2 2 4 4 4 2 2 2 2 2 2 2 2 2 2 6 6 6 6 6 6 6 6 6 6 2 2 2 2 2 2 2 2 2 6 6 2 2 2 2 2 2 2 2 2 2 2 4 4 4 4 2 2 4 4 4 4 4 4 4 4 4 4 4 4 4 4 4 4 4 4 4 4 4 4 4 4 4 4 4 4 4 4 4 4 4 4 4 4 4 4 4 4 2 2 2 2 2 2 4 4 4 2 2 2 2 4 4 2 2 2 4 2 2 2 2 2 2 2 2 2 2 2 2 2 2 2 2 2 4 4 2 2 2 6 6 6 6 2 6 6 6 6 6 6 6 6 6 6 6 6 6 6 6 6 6 6 6 6 6 6 6 6 6 6 6 6 6 6
 8 8 8 8 8 8 4 4 4 4 4 4 4 4 4 8 8 4 4 4 4 4 4 4 2 2 2 2 6 2 2 2 2 6 6 2 2 6 6 6 2 6 6 6 2 2 2 6 6 6 6 6 6 6 6 6 6 6 6 6 6 6 6 6 6 6 6 6 6 6 6 6 6 6 6 2 2 2 2 2 2 2 6 6 6 6 6 6 6 6 6 6 6 6 6 6 6 6 6 6 6 2 2 2 2 2 2 2 2 2 6 2 6 2 2 2 2 2 2 2 2 4 4 2 2 2 4 4 4 4 4 4 4 4 4 4 4 4 4 4 4 4 4 4 2 2 4 4 4 4 4 4 4 4 4 4 4 4 4 4 4 4 4 4 2 4 4 4 2 2 4 4 4 4 4 4 4 4 4 2 2 2 2 2 2 2 2 2 2 2 2 2 2 2 2 2 2 2 2 2 2 2 2 2 4 2 2 2 4 2 6 6 6 6 6 6 6 6 6 6 6 6 6 6 6 6 6 6 6 6 6 6 6 6 6 6 6 6 6 6 6 6 6
 8 8 8 8 8 4 4 4 4 4 4 4 4 4 4 8 8 8 4 4 4 2 2 2 2 6 6 6 2 2 2 2 2 2 6 2 2 2 6 6 6 2 2 2 2 2 2 2 2 2 2 2 8 8 6 6 6 6 6 6 6 6 6 6 6 6 6 6 6 6 6 6 6 6 6 6 6 2 2 6 6 6 6 6 6 6 6 6 6 6 6 6 6 6 6 6 6 6 6 6 6 6 2 2 2 2 2 2 2 2 6 2 2 2 2 2 2 2 2 2 2 4 4 2 2 4 4 4 4 4 4 4 4 4 4 4 4 4 4 4 4 2 4 4 2 2 4 4 4 4 4 4 4 4 4 4 4 4 4 4 4 4 4 4 4 4 4 4 4 4 4 4 4 4 2 4 4 4 4 4 4 2 2 2 2 2 2 2 2 2 2 2 2 2 2 4 2 2 2 2 2 2 2 4 4 2 2 2 4 2 2 2 2 2 6 6 6 6 6 6 6 6 6 6 6 6 6 6 6 6 6 6 6 6 6 6 6 6 6 6 6 6 6
 8 8 8 8 8 8 4 4 4 4 4 4 4 4 4 4 8 8 4 4 2 2 2 6 6 6 6 6 2 2 2 2 2 2 2 2 2 2 6 2 6 6 2 2 2 2 2 6 2 2 2 2 8 8 6 6 6 6 6 6 6 6 6 6 6 6 6 6 6 6 6 6 6 6 6 6 6 6 2 2 2 6 6 6 6 6 6 6 6 6 6 6 6 6 6 6 6 6 6 6 6 6 2 2 2 2 2 2 2 2 2 2 2 2 2 2 2 2 2 2 8 8 8 4 4 2 2 4 4 4 4 4 4 4 4 4 4 4 4 4 4 2 4 2 2 4 4 4 4 4 4 4 4 4 4 4 4 4 4 4 4 4 4 4 4 4 4 4 4 4 4 4 4 4 4 2 4 4 4 4 4 2 2 2 2 2 2 2 2 2 2 2 2 2 4 4 2 2 2 2 2 2 2 4 2 2 2 2 4 2 2 2 2 2 6 6 6 6 6 6 6 6 6 6 6 6 6 6 6 6 6 6 6 6 6 6 6 6 6 6 6 6 6
 8 8 8 8 8 8 8 4 4 4 4 4 4 4 4 4 8 4 4 2 2 6 6 6 6 2 2 2 2 2 2 2 2 2 2 2 2 2 6 6 6 6 2 6 2 2 2 6 6 2 2 2 6 6 6 6 6 6 6 6 6 6 6 6 6 6 6 6 6 6 6 6 6 6 8 8 6 2 2 2 2 2 6 6 6 6 6 6 6 6 6 6 6 6 6 6 6 6 6 6 6 6 6 6 2 2 2 2 2 4 2 2 2 2 2 2 2 2 2 4 4 4 4 4 4 2 2 8 8 4 4 4 4 4 4 4 4 4 4 4 4 4 4 4 4 4 4 4 4 4 4 4 4 4 4 4 4 4 4 4 4 4 4 4 4 4 4 2 4 4 4 4 4 4 2 4 4 4 2 2 2 2 2 2 2 2 2 2 2 2 2 2 2 2 2 4 4 2 2 2 2 2 4 2 2 2 2 4 2 2 2 2 2 2 6 6 6 6 6 6 6 6 6 6 6 6 6 6 6 6 6 6 6 6 6 6 6 6 6 6 6 6 6
 4 8 8 8 8 8 8 4 4 4 4 4 4 4 4 4 4 2 2 2 6 6 2 2 2 2 2 2 2 2 2 2 2 2 2 2 2 2 6 6 6 6 6 6 6 2 2 6 6 2 2 2 8 6 6 6 6 6 6 6 6 6 6 6 6 6 6 6 6 6 6 6 6 8 8 6 6 2 2 2 2 2 6 6 6 6 6 6 6 6 6 6 6 6 6 6 6 2 6 6 6 6 2 2 2 2 2 2 2 2 2 2 2 2 2 2 2 2 4 4 4 4 4 4 2 2 4 4 4 4 4 4 4 4 4 4 4 4 4 4 4 4 4 4 4 4 4 4 4 4 4 4 4 4 4 4 4 4 4 4 4 4 4 4 4 4 4 4 4 4 4 4 4 4 2 4 4 2 2 2 2 2 2 2 2 2 2 2 2 2 2 2 2 2 2 2 2 2 2 2 2 2 2 2 2 2 2 2 2 2 4 4 2 2 2 2 6 6 6 6 6 6 6 6 6 6 6 6 6 6 6 6 6 6 6 6 6 6 6 6 6 6 6
 8 8 8 8 8 8 8 8 4 4 8 4 4 4 4 2 2 2 6 2 2 2 2 2 2 2 2 2 2 2 6 2 2 6 6 6 2 2 6 6 6 6 6 6 6 6 2 6 6 2 2 2 6 6 6 6 6 6 6 6 6 6 6 6 6 6 6 6 6 6 6 6 8 8 8 6 6 2 2 2 2 2 2 6 6 6 6 6 6 6 6 2 6 6 6 6 2 2 2 6 6 2 2 2 2 2 2 4 2 2 2 2 2 4 2 2 4 4 2 4 4 4 4 4 4 4 4 4 4 4 4 4 4 4 4 2 2 4 4 2 4 4 4 4 4 4 4 4 4 4 4 2 4 4 4 4 4 4 4 4 4 4 2 4 4 4 4 4 4 4 4 4 4 2 2 2 2 2 2 2 2 2 2 2 2 2 2 2 2 2 2 2 2 2 2 2 2 2 2 2 2 4 4 2 2 2 2 2 2 4 2 2 2 2 2 2 2 2 2 6 6 6 6 6 6 6 6 6 6 6 6 6 6 6 6 6 6 6 6 6 6 6 6
 8 8 8 8 8 8 8 8 4 8 8 8 8 8 4 2 2 6 6 2 2 2 2 2 2 2 2 2 2 6 6 6 6 6 6 6 6 2 6 6 6 6 6 6 6 6 6 6 6 2 2 6 6 6 6 6 6 6 6 6 6 6 6 6 6 6 6 6 6 6 6 8 8 8 8 6 6 2 2 2 2 2 2 2 4 2 2 2 2 2 2 2 2 2 2 2 2 2 2 2 4 4 2 2 2 4 2 4 4 2 2 2 4 4 4 4 4 4 4 4 4 4 4 4 4 4 4 4 4 8 4 4 4 4 2 2 2 2 4 4 4 4 4 4 4 4 4 4 4 4 4 4 4 4 4 4 4 4 4 4 4 2 2 4 4 4 4 4 4 4 4 2 4 2 2 2 2 2 2 2 2 2 2 2 2 2 2 2 2 2 2 2 2 2 2 2 2 2 2 2 2 4 4 2 2 2 2 2 2 2 2 2 2 2 2 2 2 2 2 2 2 6 6 6 6 6 6 6 6 6 6 6 6 6 6 6 6 6 6 6 6 6 6
 4 4 8 8 8 8 8 8 8 8 8 8 4 4 2 2 2 2 2 2 2 6 6 2 2 6 6 6 6 2 6 6 6 2 6 6 6 6 6 6 6 6 6 6 6 6 6 6 6 2 6 6 6 6 6 6 6 6 6 6 6 6 6 2 6 6 6 6 6 6 6 8 8 8 6 6 6 2 2 2 2 2 2 4 4 4 2 2 4 4 4 2 2 4 4 4 2 2 2 4 4 4 2 2 2 4 4 4 2 2 2 4 4 4 4 4 4 4 4 4 4 4 4 4 4 4 4 4 4 8 4 4 2 2 2 2 2 2 8 4 4 4 4 4 4 4 4 4 4 4 4 4 4 4 4 4 4 4 4 4 4 4 4 4 4 4 2 4 4 4 2 2 2 2 2 2 2 2 2 2 2 2 2 2 2 2 2 2 2 2 2 2 2 2 2 2 2 2 2 2 4 4 4 2 2 2 2 2 2 2 2 2 2 2 2 2 2 2 2 2 2 6 6 6 6 6 6 6 6 6 6 6 6 6 6 6 6 6 6 6 6 6 6
 8 8 4 8 8 8 8 4 4 4 4 4 4 2 2 2 2 2 6 2 2 6 6 6 6 6 6 2 2 2 6 6 6 6 6 6 2 2 2 6 6 6 6 6 6 6 2 6 6 6 6 6 6 6 6 6 6 6 6 6 6 6 6 6 6 6 6 6 6 6 8 8 8 8 6 6 2 2 2 2 2 4 4 4 4 4 4 4 4 4 4 4 4 4 4 4 4 4 2 4 4 4 2 2 2 4 4 4 4 4 4 4 4 4 4 4 4 2 2 4 4 4 4 4 4 4 4 4 4 8 4 4 4 4 2 2 4 4 8 8 4 4 4 4 4 4 4 4 4 4 4 4 4 4 4 4 4 4 4 4 4 4 4 4 4 4 4 2 2 2 2 2 2 2 2 2 2 2 2 2 2 2 2 2 2 2 2 2 2 2 2 2 2 2 2 2 2 2 2 2 2 4 2 2 2 2 2 2 2 2 2 2 2 2 4 2 2 2 2 2 6 6 6 2 2 2 6 6 6 6 6 6 6 6 6 6 6 6 6 6 6 6 6
 8 8 8 8 8 8 8 4 4 8 4 4 2 2 6 6 6 2 2 2 2 6 6 6 6 2 6 6 2 6 6 6 6 6 6 6 2 6 6 6 6 6 6 6 6 6 2 6 6 6 6 6 6 6 6 6 6 6 6 6 2 6 6 6 6 6 6 6 6 6 8 8 8 8 8 6 2 2 2 4 4 4 4 4 4 4 4 4 4 2 4 2 2 4 4 4 2 2 2 4 4 4 4 4 4 4 4 4 4 4 4 4 4 4 4 4 4 4 2 4 4 4 4 4 4 4 4 4 4 4 4 4 4 4 2 4 4 4 4 4 4 4 4 4 4 4 4 4 4 4 4 4 4 4 4 4 4 4 4 4 4 4 4 4 4 2 2 2 4 4 2 2 2 2 2 2 2 2 2 2 2 2 2 2 2 2 2 2 2 2 2 2 2 2 2 2 2 2 2 2 2 2 2 2 2 2 2 2 2 2 2 2 2 2 2 2 2 2 2 2 6 6 8 6 6 2 2 6 6 6 6 6 6 6 6 6 6 6 6 6 6 6 6
 8 8 8 8 8 8 8 8 8 4 4 2 2 2 6 2 2 2 2 2 6 6 6 6 2 2 6 6 2 2 6 6 6 2 6 6 6 6 6 6 6 6 6 6 6 6 6 6 6 6 6 6 6 6 6 6 6 6 6 2 2 6 6 6 6 6 6 6 6 6 8 8 8 8 6 6 2 2 4 4 4 4 4 4 4 4 4 4 4 4 2 2 4 4 4 2 2 2 2 4 4 4 4 4 4 4 4 4 4 4 4 4 4 4 4 4 4 4 4 4 4 4 4 4 4 4 4 4 4 4 4 2 4 4 4 4 4 4 4 4 4 4 4 4 4 4 4 4 4 4 4 4 4 4 4 4 4 4 4 4 4 4 4 4 4 2 2 2 4 2 2 2 2 2 2 2 2 2 2 2 2 2 2 2 2 2 2 2 2 4 4 2 2 2 2 2 2 2 2 2 2 2 2 2 2 2 2 2 2 2 2 2 2 2 2 2 2 2 2 2 4 4 6 6 6 2 2 2 6 6 6 6 6 6 6 6 6 6 6 6 6 6 6
 8 8 8 8 8 8 8 8 8 4 2 2 2 2 2 2 2 2 2 2 2 6 6 6 6 2 6 6 6 2 2 6 2 2 2 2 2 6 6 6 6 6 6 6 6 6 6 6 6 6 6 6 6 6 6 6 8 6 6 6 2 6 6 6 6 6 6 6 6 6 8 8 8 8 6 6 2 2 2 2 2 2 2 4 2 2 2 2 2 2 2 2 2 4 2 2 2 2 4 4 4 4 4 4 4 4 4 4 4 2 2 4 4 4 4 4 4 4 4 4 4 4 4 4 4 4 4 4 4 4 4 4 8 4 4 4 4 4 4 4 4 4 4 4 4 4 4 4 4 4 4 4 4 4 4 4 4 4 4 4 4 4 4 4 4 2 2 2 2 2 2 2 2 2 2 2 2 2 2 2 4 2 2 2 2 2 2 2 4 2 2 2 2 2 2 2 2 2 2 2 2 2 2 2 2 2 2 2 2 2 2 2 2 2 2 2 2 2 2 2 4 4 4 2 6 6 6 6 6 6 6 6 6 6 6 6 6 6 6 6 6 6 6
 8 8 8 4 4 4 4 4 2 4 2 2 2 2 2 2 2 2 2 2 2 2 6 6 6 2 6 6 6 6 6 6 6 2 2 2 2 2 6 6 6 6 6 6 6 6 2 6 6 6 6 6 6 6 6 2 6 6 6 6 2 6 2 6 6 6 2 6 6 6 8 8 8 8 6 6 6 6 6 6 6 2 2 2 2 2 2 6 2 2 2 2 2 4 2 2 2 4 4 4 4 4 4 2 4 4 4 4 2 2 4 4 4 4 4 4 4 4 4 4 4 4 4 4 4 4 4 4 4 4 4 4 4 4 4 4 4 4 4 4 4 2 2 4 4 4 4 4 4 4 4 4 4 4 4 4 4 4 4 4 2 2 2 2 2 2 2 2 2 2 2 2 2 2 2 2 2 2 2 2 2 2 2 2 2 2 2 2 2 2 2 2 2 2 2 2 2 2 2 2 2 2 2 2 2 2 2 2 4 2 2 2 2 2 2 2 2 2 2 2 2 2 4 4 4 6 6 6 6 6 6 6 6 6 6 6 6 6 6 6 6 6 6
 8 8 8 4 4 4 4 4 4 4 2 2 2 2 2 2 2 2 2 2 2 2 6 6 6 2 6 2 2 2 6 6 6 2 2 2 2 2 6 6 2 2 2 6 6 6 6 6 6 6 6 6 6 6 6 6 6 6 6 6 6 6 2 2 6 2 2 2 6 8 8 8 8 8 6 6 6 6 6 6 6 6 6 2 2 2 2 6 6 2 2 2 2 2 2 4 4 4 4 4 4 4 4 4 4 4 4 4 4 4 4 4 4 4 4 4 4 4 4 4 4 4 4 4 4 4 4 4 4 4 4 4 4 4 4 4 4 4 4 4 2 2 4 4 4 4 4 4 4 4 4 4 4 4 4 4 4 4 2 2 2 2 2 2 4 4 2 2 2 2 2 2 2 2 2 2 2 2 2 2 2 2 2 2 2 2 2 2 2 2 2 2 2 2 2 2 2 2 2 2 2 2 2 2 2 2 2 2 2 2 2 2 2 2 2 2 2 2 2 2 2 2 4 2 2 2 2 6 6 6 6 6 6 8 6 6 6 6 6 6 6 6 6
 8 4 4 4 4 2 2 2 2 2 2 2 2 2 2 2 2 2 2 2 2 2 6 6 2 2 6 6 2 2 6 6 6 2 2 2 2 2 6 6 6 6 2 2 6 6 6 6 6 6 6 6 6 6 6 6 6 6 6 6 6 6 6 6 6 6 2 2 6 8 6 6 6 6 6 6 6 6 6 6 6 6 6 6 6 2 2 2 6 6 2 2 2 2 4 4 4 4 4 4 4 4 4 4 4 4 4 4 4 4 4 4 4 4 4 4 2 2 2 4 4 4 4 4 4 4 4 4 4 4 4 4 4 4 4 4 4 4 4 4 4 2 4 4 4 4 4 4 2 2 2 2 2 4 2 2 4 4 2 4 4 4 4 4 4 4 4 2 2 4 2 2 4 2 2 4 4 2 2 2 2 2 2 2 2 2 4 2 2 2 2 2 2 2 2 2 2 2 2 2 2 2 2 2 2 2 2 2 2 2 2 2 2 2 2 2 2 2 2 2 2 2 2 2 2 2 2 2 2 6 6 6 8 6 6 6 6 6 6 6 6 6 6
 4 4 4 2 2 2 6 6 2 2 2 2 2 2 2 2 2 2 2 2 2 2 6 6 2 2 2 2 2 2 6 6 6 2 2 2 2 2 2 6 6 6 2 2 6 6 6 6 6 6 6 6 6 6 8 8 6 6 6 6 6 6 6 6 6 6 6 2 6 6 6 6 6 6 6 6 6 6 6 6 2 2 2 6 6 6 2 2 2 6 6 2 2 2 2 2 2 2 2 4 4 4 4 4 4 4 4 4 4 4 4 4 2 2 2 2 2 2 2 4 4 4 4 4 4 4 4 4 4 4 4 4 4 4 4 4 4 4 4 4 2 2 4 4 2 2 2 2 2 2 2 6 2 2 2 2 2 4 4 4 4 4 4 4 4 4 4 4 4 4 4 4 4 4 4 4 2 2 2 2 2 2 2 2 2 2 2 2 2 2 2 2 2 2 2 2 2 2 2 2 2 2 2 2 2 2 2 2 2 2 2 2 4 4 2 2 2 2 2 2 2 2 2 2 2 2 2 2 2 2 6 6 6 6 6 6 6 6 6 6 6 6 6
 4 4 2 2 2 2 2 8 6 6 2 2 2 2 2 2 2 2 2 2 6 6 6 6 2 2 2 2 2 2 6 6 6 2 2 2 2 2 2 6 6 6 2 2 6 6 6 6 6 6 6 6 6 6 6 6 6 6 6 6 6 6 6 6 6 6 6 6 6 6 6 6 6 6 6 6 6 8 6 6 6 6 2 2 2 2 2 2 2 2 6 6 2 2 2 2 2 2 2 2 2 2 2 2 2 2 2 4 4 4 2 2 2 2 2 2 2 2 2 2 2 2 2 2 2 2 2 4 4 4 4 4 4 4 4 4 4 2 2 2 2 2 2 2 2 2 2 8 4 4 2 6 6 6 2 2 2 2 2 2 2 4 4 4 4 4 4 4 4 4 4 4 4 4 2 2 2 2 2 2 2 2 2 2 2 2 2 2 2 2 2 2 2 2 2 2 2 2 2 2 2 2 2 2 2 4 2 2 2 2 2 2 4 4 2 2 2 2 2 2 2 2 2 4 2 2 2 2 2 4 4 4 4 6 6 6 6 6 6 6 6 6 6
 4 2 2 2 2 2 2 6 6 6 2 2 2 2 2 2 2 2 2 2 2 6 6 6 2 2 2 2 2 6 6 6 6 2 2 2 2 2 6 6 6 2 2 2 6 6 6 2 6 6 6 6 6 6 6 6 6 6 6 6 6 6 6 6 6 6 6 6 6 6 6 6 6 6 6 6 8 8 8 6 6 6 6 2 2 2 2 2 2 6 6 6 6 2 2 6 6 6 6 6 2 2 2 2 2 2 2 4 2 4 2 2 2 2 2 2 2 2 6 6 2 2 2 2 2 2 2 2 2 4 4 4 4 4 4 2 2 2 2 2 2 2 2 2 2 2 2 4 4 4 2 2 6 6 6 6 2 2 2 2 2 2 2 2 2 2 2 4 4 4 4 4 4 4 4 2 2 2 4 2 2 2 2 2 2 2 2 2 2 4 2 2 2 2 2 2 2 2 2 2 2 2 2 4 2 2 2 2 2 2 2 2 2 2 2 2 2 2 2 2 2 2 2 4 4 4 4 4 4 4 4 4 4 4 2 6 6 6 6 6 6 2 6
 4 2 2 2 2 2 4 8 8 4 4 2 2 2 2 2 2 2 2 2 2 2 2 6 6 2 2 2 2 2 6 6 6 6 2 2 2 2 2 2 6 6 2 6 6 2 2 2 2 6 6 6 6 6 6 6 6 6 6 6 6 6 6 2 6 6 6 6 6 6 6 6 6 6 6 6 6 6 6 6 6 6 6 6 2 2 2 2 2 6 6 6 6 6 6 6 6 6 6 6 6 6 6 2 2 2 2 2 2 2 2 2 2 2 2 2 2 2 6 6 2 2 2 2 2 2 2 2 4 4 4 4 4 4 4 2 2 2 2 2 2 2 2 2 2 2 4 4 2 2 2 2 2 2 6 6 6 6 6 6 6 6 2 2 2 2 2 2 4 4 2 2 2 4 4 2 2 4 2 2 4 2 2 4 4 2 2 4 4 4 4 2 2 2 2 2 2 2 2 2 2 2 2 2 4 2 2 2 2 2 2 2 2 2 2 2 2 2 2 2 2 2 4 4 4 4 2 2 2 2 4 4 4 4 4 2 2 6 6 6 6 6 2
 4 2 2 2 4 4 4 8 8 4 4 2 2 2 2 2 2 2 2 2 2 2 2 2 2 2 2 2 2 2 6 6 6 6 6 2 2 2 6 2 6 6 2 6 6 6 2 2 2 6 6 6 6 6 6 6 6 6 6 6 6 6 6 6 2 6 6 6 6 6 6 6 6 6 6 6 6 8 8 6 6 6 6 6 6 6 6 6 2 6 6 6 6 6 6 6 6 6 6 6 6 6 6 6 6 2 2 2 2 2 2 2 2 2 2 6 2 6 6 6 6 6 2 2 2 2 2 4 4 4 4 4 2 2 2 2 2 2 2 2 2 2 2 2 2 2 2 2 2 2 2 2 2 2 6 6 6 6 6 6 6 6 6 6 6 6 6 2 2 2 2 2 2 4 4 2 2 2 2 2 2 2 2 2 2 2 4 4 4 4 2 2 2 2 2 2 2 2 4 4 4 2 2 4 2 2 2 2 2 2 2 2 2 2 2 2 2 2 2 4 2 2 2 4 2 4 2 2 2 4 4 4 2 4 4 2 2 2 6 6 6 8 6
 4 2 2 4 4 4 4 8 8 4 2 2 2 2 2 2 2 2 2 2 2 2 2 2 2 2 2 2 2 2 2 6 6 6 6 6 2 6 6 6 6 6 2 6 6 6 2 6 2 2 6 6 6 6 6 6 6 6 6 6 6 6 6 6 6 6 6 6 6 6 6 6 6 6 6 6 6 6 6 6 6 6 6 6 6 6 6 6 6 6 6 6 6 6 6 6 6 6 6 6 6 6 6 6 6 6 6 6 6 6 6 6 6 2 2 6 2 2 6 6 6 6 6 2 2 2 2 4 4 4 4 2 2 2 2 2 2 2 2 2 2 2 2 2 2 2 2 6 6 6 6 6 6 6 6 6 6 6 6 6 6 6 6 6 6 6 6 6 6 2 2 2 2 2 2 2 2 2 2 2 2 2 2 2 2 2 2 2 2 2 2 4 2 2 2 2 2 2 4 2 2 2 2 2 2 2 2 2 2 2 2 2 2 2 2 2 2 2 4 4 2 2 2 4 2 2 2 4 4 4 4 2 2 2 2 2 2 4 4 4 2 8 6
 4 2 4 4 4 4 2 8 8 4 2 2 2 2 2 2 2 2 2 2 2 2 2 6 2 2 2 2 2 2 2 2 6 6 2 6 2 2 6 6 6 6 2 6 6 6 6 6 6 6 6 6 6 6 6 6 6 6 6 6 6 6 6 6 6 6 6 6 6 6 6 6 6 6 6 6 6 6 6 6 6 6 6 6 6 6 6 6 6 6 6 6 6 6 6 6 6 6 6 6 6 6 6 6 6 6 6 6 6 6 6 6 6 6 6 6 6 2 6 6 6 8 6 2 2 2 4 4 4 2 2 2 2 2 2 2 2 2 2 2 2 2 6 6 6 2 2 6 6 6 6 6 6 6 6 6 6 6 6 6 6 6 6 6 6 6 6 6 6 6 2 2 2 2 2 2 2 2 2 2 2 2 2 2 2 2 2 2 2 2 4 4 2 2 2 2 2 2 2 2 2 2 2 2 2 2 2 2 2 2 2 4 2 2 2 2 2 2 4 4 2 2 2 2 2 2 4 4 2 4 2 2 2 2 2 2 2 4 4 4 2 2 6
 4 2 4 4 4 4 2 8 8 4 2 2 2 2 2 2 2 2 2 2 2 2 2 2 2 2 2 2 2 2 2 2 2 2 2 6 2 2 6 6 6 6 6 6 6 6 2 6 6 6 6 6 6 6 6 6 6 6 6 6 6 6 6 6 6 6 6 6 6 6 2 2 6 6 6 6 6 6 6 6 6 6 6 6 6 6 6 6 6 6 6 6 6 6 6 6 6 6 6 6 6 8 6 6 6 6 6 6 6 6 6 6 6 6 6 6 6 6 6 6 6 6 6 6 2 2 4 2 2 2 2 2 2 2 2 2 2 2 2 2 2 6 6 6 6 6 6 6 2 2 6 6 6 6 6 6 6 6 6 6 6 6 6 6 6 6 6 6 6 8 6 2 2 4 4 2 2 2 2 2 2 2 2 2 2 2 2 2 2 4 4 2 2 2 2 2 2 2 2 2 2 2 2 2 2 2 2 2 2 2 2 4 2 2 2 2 2 2 2 2 2 2 2 4 4 4 4 4 4 2 4 4 4 2 2 4 4 4 2 2 2 2 2
 8 4 4 4 4 4 2 2 8 4 2 2 2 2 2 2 2 2 2 2 2 2 2 2 2 2 2 2 2 2 6 6 6 2 2 2 2 2 2 6 6 6 6 6 6 6 2 6 6 2 2 2 2 6 6 8 8 6 6 6 6 6 6 6 6 6 6 6 6 6 6 6 6 6 6 6 6 6 6 6 6 6 6 6 6 6 6 6 6 6 6 6 6 6 6 6 6 6 6 6 6 6 6 6 6 6 6 6 6 6 6 6 6 6 6 6 6 6 6 6 6 6 6 6 2 2 2 2 2 6 6 2 2 2 2 6 6 6 6 6 6 6 6 6 6 6 6 6 6 2 6 6 2 6 6 6 6 6 6 6 6 6 6 6 6 6 6 6 6 8 8 6 2 2 2 4 4 2 2 2 2 2 2 2 2 2 2 2 4 2 2 2 2 2 2 2 2 2 2 2 2 2 2 2 2 2 2 2 2 2 2 2 2 2 2 2 2 2 2 2 2 2 2 4 4 4 4 4 4 4 4 4 4 2 2 4 4 4 4 2 2 2 4
 8 8 4 4 4 4 4 2 8 4 2 2 2 2 2 2 2 2 2 2 2 2 2 2 2 2 2 2 2 2 2 6 6 2 2 2 2 2 2 2 6 6 2 6 6 6 6 6 6 6 2 6 2 2 2 6 6 6 6 6 6 6 6 6 6 6 6 6 6 6 6 6 6 6 6 6 6 6 6 6 6 6 6 6 6 6 6 6 6 6 6 6 6 6 6 6 6 6 6 6 6 6 6 6 6 6 6 6 6 6 6 6 6 6 6 6 6 6 6 6 6 6 6 6 6 6 6 6 6 6 6 6 6 6 6 6 6 6 6 6 6 6 6 6 6 6 6 6 6 2 6 6 6 6 6 6 6 6 6 6 6 6 6 6 6 6 6 6 6 6 6 6 6 2 2 4 4 4 2 2 2 2 2 2 2 2 4 4 2 2 2 2 2 2 2 2 2 2 2 2 2 2 2 2 2 2 2 2 2 2 2 2 2 2 2 2 2 2 2 2 2 2 2 2 2 4 4 4 4 4 4 4 4 2 4 4 4 4 4 2 2 4 4
 8 8 8 8 8 4 4 2 2 4 2 2 2 2 2 2 2 2 2 2 2 2 2 2 2 2 2 2 2 2 2 2 2 2 2 2 2 2 2 2 2 6 2 6 6 2 6 6 6 6 2 2 6 6 6 6 6 6 6 6 6 6 6 6 6 6 6 6 6 6 6 6 6 6 6 6 6 6 6 6 6 6 6 6 6 6 6 6 6 6 6 6 6 6 6 6 6 6 6 6 6 6 6 6 6 6 6 6 6 6 6 6 6 6 6 6 6 6 6 6 6 6 6 6 6 6 6 6 6 6 6 6 6 6 6 6 6 6 6 6 6 6 6 6 6 6 6 6 6 2 2 6 6 6 6 6 6 6 6 6 6 6 6 6 6 6 6 6 6 6 6 6 6 6 2 2 2 4 2 2 2 2 2 2 2 4 4 2 2 2 2 2 2 2 2 2 2 2 2 2 2 2 2 2 2 2 2 2 2 2 2 2 2 2 2 2 2 2 2 2 2 2 2 2 4 4 4 2 2 2 2 2 2 2 4 4 4 4 4 4 2 4 4
 6 6 6 8 8 8 4 2 2 2 2 2 2 2 2 2 2 2 2 2 2 2 2 2 2 2 2 2 2 2 2 2 2 2 2 2 2 2 2 6 6 6 2 6 6 6 6 6 6 6 2 2 6 6 6 6 6 6 6 6 6 6 6 6 6 6 6 6 6 6 6 6 6 6 6 6 6 6 6 6 6 6 6 6 6 6 6 6 6 6 6 6 6 6 6 6 6 6 6 6 6 6 6 6 6 6 6 6 6 6 6 6 6 6 6 6 6 6 6 6 6 6 6 6 6 6 6 6 6 6 6 6 6 6 6 6 6 6 6 6 6 6 6 6 6 6 6 6 6 6 2 6 6 6 6 6 6 6 6 6 6 6 6 6 6 6 6 6 8 6 6 6 6 6 6 6 2 2 2 2 2 2 2 2 2 2 2 2 2 2 2 2 2 2 2 2 2 2 2 2 2 2 2 2 2 2 2 2 2 2 2 2 2 2 2 2 2 2 2 2 2 2 2 2 2 2 4 2 2 2 2 4 4 4 4 4 4 4 4 2 2 4 4
 6 6 6 6 8 8 4 2 2 2 2 2 2 2 2 2 2 2 2 2 2 2 2 2 2 2 2 2 2 2 2 2 2 2 2 2 2 2 2 2 6 6 2 2 2 2 2 6 6 6 6 2 2 6 6 6 6 6 6 6 6 6 6 6 6 6 6 6 6 6 6 6 6 6 6 6 6 6 6 6 6 6 6 6 6 6 6 6 6 6 6 6 6 6 6 6 6 6 6 6 6 6 6 6 6 6 6 6 6 6 2 6 6 6 6 6 6 6 6 6 6 6 6 6 6 6 6 6 6 6 6 6 6 6 6 6 6 6 6 6 6 2 6 6 6 6 6 6 6 6 6 6 6 6 6 6 6 6 6 6 6 6 6 6 6 6 6 6 6 6 6 6 6 6 6 6 6 2 2 2 2 2 2 2 2 2 2 2 2 2 2 2 2 2 2 2 2 2 2 2 2 2 2 2 2 2 2 2 2 2 2 2 2 2 2 4 2 2 2 2 2 2 2 2 4 4 2 2 2 2 4 4 4 4 2 4 4 2 4 2 4 4 4
 4 4 4 8 8 4 4 4 2 2 2 2 2 2 2 2 2 2 2 2 2 2 2 2 2 2 2 2 2 2 2 2 2 2 2 2 2 2 2 2 2 2 2 2 2 2 2 2 6 6 2 2 6 6 6 6 6 6 6 6 6 6 6 6 6 6 6 6 6 6 6 6 6 6 6 6 6 6 6 6 6 6 6 6 6 6 6 6 6 6 6 6 6 6 6 6 6 6 6 6 6 6 6 6 6 6 6 6 6 6 6 6 6 6 6 6 6 6 6 6 6 6 6 6 6 6 6 6 6 6 6 6 6 6 6 6 6 6 6 6 6 6 6 6 6 6 6 6 6 6 6 6 6 6 6 6 6 6 6 6 6 6 6 6 6 6 6 6 6 6 6 6 6 6 6 6 6 6 2 2 2 2 2 2 2 2 2 2 2 2 2 2 2 2 2 2 2 2 2 2 2 2 2 2 2 2 2 2 2 2 2 2 2 2 2 4 2 2 2 2 2 2 2 2 4 4 2 2 2 2 4 4 2 2 2 4 4 4 4 4 4 4 2
 8 4 8 8 8 4 4 4 2 2 2 2 2 2 2 2 2 2 2 2 2 2 2 2 2 2 2 2 2 2 2 2 2 2 2 2 2 2 2 2 6 2 2 2 2 2 2 6 6 6 6 2 6 6 6 6 6 6 6 6 6 6 6 6 6 6 6 6 6 6 6 6 6 6 6 6 6 6 6 6 6 6 6 6 6 6 6 6 6 2 6 6 6 6 6 6 6 6 6 6 6 6 6 6 6 6 6 6 6 6 6 6 6 6 6 6 6 6 6 6 6 6 6 6 6 6 6 6 6 6 6 6 6 6 6 6 6 6 6 6 6 6 6 6 6 6 6 6 6 6 6 6 6 6 6 6 6 6 6 6 6 6 6 6 6 6 6 6 6 6 6 6 6 6 6 6 6 6 2 2 2 2 2 2 2 2 2 2 2 2 2 2 2 2 2 2 2 2 2 2 2 2 2 2 2 2 2 2 2 2 2 2 2 2 2 2 2 2 2 2 2 2 2 4 4 4 4 4 2 2 2 4 2 2 2 4 4 4 4 4 4 4 4
 8 8 8 8 8 4 4 4 2 2 2 2 2 2 2 2 2 2 2 2 2 2 2 2 2 2 2 2 2 2 2 2 2 2 2 2 2 2 2 2 2 2 2 2 6 2 2 2 2 2 6 2 6 6 6 6 6 6 6 6 6 6 6 6 6 6 6 6 6 6 6 6 6 6 6 6 6 6 6 6 6 6 6 2 2 6 6 6 6 6 6 6 6 6 6 6 6 6 6 6 6 6 6 6 6 6 6 6 6 6 6 6 6 6 6 6 6 6 6 6 6 6 6 6 6 6 6 6 6 6 6 6 6 6 6 6 6 6 6 6 6 6 6 6 6 6 6 6 6 6 6 2 2 6 6 6 6 6 6 6 6 6 6 6 6 6 6 6 6 6 6 6 6 6 6 6 6 6 2 2 2 2 2 2 2 2 2 2 2 2 2 2 2 2 2 2 2 2 2 2 2 2 2 2 2 2 2 2 2 2 2 2 2 2 2 2 2 2 2 2 2 2 2 2 4 4 4 4 4 4 4 4 2 2 4 4 4 4 4 4 4 4 4
 4 2 8 8 8 4 4 2 2 2 2 2 2 2 2 2 2 2 2 2 2 2 2 2 2 2 2 2 2 2 2 2 2 2 2 2 2 2 2 2 2 2 2 2 2 2 2 6 6 6 6 6 6 6 6 6 6 6 6 6 6 6 6 6 6 6 6 6 6 6 6 6 6 2 2 6 6 6 6 6 6 6 2 2 6 6 6 6 6 6 6 6 6 6 6 6 6 6 6 6 6 6 6 6 6 6 6 6 6 6 6 6 6 6 6 6 6 6 6 6 6 6 6 6 6 6 6 6 6 6 6 6 6 6 6 6 6 6 6 6 6 6 6 6 6 6 6 6 6 6 2 2 6 6 6 6 6 6 6 6 6 6 6 6 6 6 6 6 6 6 6 6 6 6 6 6 8 8 6 2 2 2 2 2 2 2 2 2 2 2 2 2 2 2 2 2 2 2 2 2 2 2 2 2 2 2 2 2 2 2 2 2 2 2 2 2 2 2 2 2 2 2 2 4 4 4 4 4 4 4 4 4 4 4 4 4 4 4 2 4 4 4 4
 4 4 4 8 4 2 2 2 2 2 2 2 2 2 2 2 2 2 2 2 2 2 2 2 2 2 2 2 2 2 2 2 2 2 2 2 2 2 2 2 2 2 2 2 6 2 2 2 2 2 2 2 6 6 6 6 6 6 6 6 6 6 6 6 6 6 6 6 6 6 6 6 6 6 2 6 6 6 6 6 2 6 6 6 6 6 2 6 2 2 6 6 6 6 6 6 6 6 6 6 6 6 6 6 6 6 6 6 6 6 6 6 6 6 6 6 6 6 6 6 6 6 6 6 6 6 6 6 6 6 6 6 6 6 6 6 6 6 6 6 6 6 6 6 6 6 6 6 6 6 2 2 6 6 6 6 6 6 6 6 6 6 6 6 6 6 6 6 6 6 8 8 6 8 8 6 8 8 6 6 2 2 2 2 2 2 2 2 2 2 2 2 2 2 2 2 2 2 2 2 2 2 2 2 2 2 2 2 2 2 2 2 2 2 2 2 2 2 2 4 4 4 4 4 4 4 4 4 4 4 4 4 4 4 4 2 4 4 4 4 4 4 4
 4 4 4 4 2 2 2 2 2 2 2 2 2 2 2 2 2 2 2 2 2 2 2 2 2 2 2 2 2 2 2 2 2 2 2 2 2 2 2 2 2 2 2 2 2 2 2 2 2 2 2 6 6 6 2 6 6 6 6 6 6 6 6 6 6 6 6 6 6 6 6 6 6 6 6 6 6 6 6 6 6 6 6 6 6 6 6 6 6 6 6 6 6 6 6 6 6 6 6 6 6 6 6 6 6 6 6 6 2 6 6 6 6 6 6 6 6 6 6 6 6 6 6 6 6 6 6 6 6 6 6 6 6 6 6 6 6 6 6 6 6 6 6 6 6 6 6 6 6 6 6 6 6 6 6 6 6 6 6 6 6 6 6 6 6 6 6 6 6 6 8 8 8 8 6 6 6 6 6 6 6 2 2 2 2 2 2 2 2 2 2 2 2 2 2 2 2 2 2 2 2 2 2 2 2 2 2 2 2 2 2 2 2 2 2 2 2 2 2 4 4 4 4 4 4 4 4 4 4 2 4 4 4 4 4 4 4 4 4 4 4 4 4
 8 8 4 2 2 2 2 2 2 2 2 2 2 2 2 2 2 2 2 2 2 2 2 2 2 2 6 6 6 6 2 2 6 6 2 2 2 2 2 2 2 2 2 2 2 2 2 2 2 2 2 6 6 6 2 2 6 6 6 6 6 6 6 6 6 6 6 6 6 6 6 6 6 6 6 6 6 6 6 6 6 6 6 6 6 6 6 6 6 6 6 6 6 6 6 6 6 6 8 8 6 6 6 6 6 6 6 6 2 2 2 6 6 6 6 6 6 6 6 6 6 6 6 6 6 6 6 6 6 6 6 6 6 6 6 6 6 6 6 6 6 6 6 6 6 6 6 6 6 6 6 6 6 6 6 6 6 6 6 2 6 6 6 6 6 6 6 6 6 6 6 8 6 6 6 6 6 6 6 6 6 2 2 2 2 2 2 2 2 2 2 2 2 2 2 2 2 2 2 2 2 2 2 2 2 2 2 4 4 2 2 2 2 2 2 2 2 2 2 2 4 4 4 4 4 4 4 4 4 4 4 4 4 4 4 4 4 4 4 4 4 4 4
 8 8 8 4 2 2 2 2 2 2 2 2 2 2 2 2 2 2 2 2 2 2 2 2 2 2 2 2 6 6 6 6 6 6 6 6 6 6 6 6 6 2 2 2 2 2 2 2 2 2 2 2 2 2 2 6 6 6 6 6 6 6 6 6 6 6 6 6 6 6 6 6 6 6 6 6 6 6 6 6 6 6 6 6 6 6 6 6 6 6 6 6 6 6 6 6 6 6 6 6 6 6 6 6 6 6 6 6 2 2 2 6 6 6 6 6 6 6 6 6 6 6 6 6 6 6 6 6 6 6 6 6 6 6 6 6 6 6 6 6 6 6 6 6 6 6 6 6 6 6 6 6 6 6 6 6 6 6 6 6 6 8 8 6 6 6 6 6 6 6 6 6 6 6 6 6 6 6 6 6 6 6 2 2 2 2 2 2 2 2 2 2 2 2 2 2 2 2 2 2 2 2 2 2 2 2 2 2 2 2 2 2 2 2 4 4 4 2 2 4 4 4 4 4 4 4 4 4 4 4 4 4 4 4 4 4 4 4 4 4 4 4 4
 4 4 4 2 2 2 2 2 2 2 2 2 2 2 2 2 2 2 2 2 2 2 2 2 2 2 2 2 6 6 2 2 2 2 2 6 6 6 6 6 6 6 6 6 6 2 2 2 2 2 2 2 2 2 2 2 6 6 2 6 6 6 6 6 6 6 6 6 6 6 6 6 6 6 6 6 6 6 6 6 6 6 6 6 6 6 6 6 6 6 6 6 6 6 6 6 6 6 6 6 6 6 6 6 6 6 6 6 6 2 2 6 6 6 6 6 6 6 6 6 6 6 6 6 6 6 6 6 6 6 6 6 6 6 6 6 6 6 6 6 6 6 6 6 6 6 6 6 6 6 6 6 6 6 6 6 6 6 6 6 8 8 8 6 6 6 6 6 6 6 6 6 6 6 6 6 6 6 6 6 6 6 6 2 2 2 2 2 2 2 2 2 2 2 2 2 2 2 2 2 2 2 2 2 2 2 2 4 2 2 2 2 2 2 4 2 2 2 2 2 4 4 4 4 4 4 4 4 4 4 4 4 4 4 4 4 4 4 4 4 4 4 2
 8 8 4 4 2 6 6 6 2 2 2 2 2 2 2 2 2 2 2 2 2 2 2 2 2 2 2 2 2 2 2 2 2 2 2 2 6 6 6 6 6 6 6 6 6 2 2 2 2 2 2 2 2 2 2 2 2 2 2 2 2 6 6 6 6 6 6 6 6 6 6 6 6 6 6 6 6 6 6 6 6 6 6 6 6 6 6 6 6 6 6 6 6 6 6 6 6 6 6 8 6 6 6 6 6 6 6 6 6 6 6 6 6 6 6 6 6 6 6 6 6 6 6 6 6 6 6 6 6 6 6 6 6 6 6 6 6 6 6 6 6 6 6 6 6 6 6 6 6 6 6 6 6 6 6 6 6 6 6 6 8 6 6 6 6 6 6 6 6 6 6 8 6 6 6 6 6 6 6 6 6 6 6 6 2 2 2 2 2 2 2 2 2 2 2 2 2 2 2 2 2 2 2 2 2 2 2 4 2 2 2 2 2 2 4 2 2 2 2 4 4 4 4 4 4 4 4 4 4 4 4 4 4 4 4 4 4 4 4 4 4 4 4
 8 8 4 4 2 2 6 6 6 2 2 2 2 2 2 2 2 2 2 2 2 2 2 2 2 2 2 2 2 2 2 2 2 2 2 2 2 2 6 6 6 6 6 6 6 6 2 6 2 2 6 6 2 2 2 2 2 2 2 2 2 2 2 6 2 6 6 6 6 6 6 6 6 6 6 6 6 6 2 6 6 6 6 6 6 6 6 6 6 6 6 6 6 6 6 6 6 6 6 6 6 6 6 6 6 6 6 6 6 2 2 6 6 6 6 2 6 6 6 6 6 6 6 6 6 6 6 6 6 6 6 6 6 6 6 6 6 6 6 6 6 6 6 6 6 6 6 6 6 6 6 6 6 6 6 6 6 6 6 6 6 6 6 6 6 6 6 6 6 6 8 8 8 8 8 8 8 8 6 6 6 6 8 8 6 2 2 2 2 2 2 2 2 2 2 2 2 2 2 2 2 2 2 2 2 2 2 2 2 2 2 2 2 4 4 2 2 2 2 2 4 4 4 4 4 4 4 4 4 4 4 4 4 4 4 4 4 4 4 4 4 4 4
 8 8 4 2 2 2 2 2 6 6 6 2 2 2 2 2 2 2 2 2 2 2 2 2 2 2 2 2 2 2 2 2 2 2 2 2 2 2 2 2 6 6 6 6 6 6 2 2 2 2 6 2 2 2 6 2 2 2 2 2 2 2 2 2 2 2 2 6 6 6 6 6 6 6 6 6 6 6 6 6 6 6 6 6 6 6 6 6 6 6 6 6 6 6 6 6 8 8 6 6 6 6 6 6 6 6 6 6 6 2 2 6 6 6 6 6 6 6 6 6 6 6 6 6 6 6 6 6 6 6 6 6 6 6 6 6 6 6 6 6 6 6 6 6 6 6 6 6 6 2 2 6 2 6 6 6 6 6 6 6 6 6 6 6 6 8 6 6 6 8 8 6 8 8 6 8 8 8 8 8 8 6 6 8 6 2 2 2 2 2 2 2 2 2 2 2 2 2 2 2 2 2 2 2 2 2 2 2 2 2 2 2 2 2 4 2 2 2 2 4 4 4 4 4 4 4 4 4 4 4 4 4 4 4 4 4 4 4 4 4 4 4 4
 4 4 2 2 2 2 2 2 2 6 6 2 2 2 6 6 6 6 2 2 2 2 2 2 2 2 2 2 2 2 2 2 2 2 2 2 2 2 2 2 2 2 2 6 2 2 2 2 6 2 6 6 2 2 6 6 6 2 6 2 2 2 6 6 6 6 6 6 2 2 2 6 6 6 6 6 6 2 6 6 6 6 6 6 6 6 6 6 6 6 6 6 6 6 6 6 6 6 6 6 6 6 6 6 6 6 6 6 6 2 2 6 6 6 6 6 6 6 6 6 6 6 2 6 6 6 6 6 6 6 6 6 6 6 6 6 6 6 6 6 6 6 6 6 6 6 6 6 6 6 6 6 6 6 6 6 6 6 6 6 8 6 6 6 6 6 6 6 6 6 6 6 8 8 8 8 8 8 6 8 6 6 6 6 6 6 2 2 2 2 2 2 2 2 2 2 2 2 2 2 2 2 2 2 2 2 2 2 2 2 2 2 2 2 4 4 4 4 4 4 4 4 4 4 4 4 4 4 4 4 4 4 4 4 4 4 4 4 4 4 4 4 4
 8 4 2 2 2 2 2 2 2 2 6 6 2 2 2 2 2 2 2 6 2 2 2 2 2 2 2 2 2 2 2 2 2 2 2 2 2 2 2 2 2 2 2 2 2 2 2 4 4 4 4 4 4 4 4 4 4 4 2 4 2 2 2 6 6 6 6 6 6 6 6 6 6 2 2 2 2 2 2 6 6 2 2 6 6 6 6 6 6 6 6 6 6 6 6 6 8 8 6 6 6 6 6 6 6 6 6 6 6 2 2 6 2 2 6 6 6 2 6 6 6 6 6 6 6 6 6 6 6 6 6 6 6 6 6 6 6 6 6 6 6 6 6 6 6 6 6 6 6 6 6 6 6 6 6 6 6 6 6 6 6 6 6 6 6 6 6 8 6 6 6 8 8 8 8 8 8 8 8 6 8 8 8 6 6 6 6 2 2 2 2 2 2 2 2 2 2 2 2 2 2 2 2 2 2 2 2 2 2 2 2 2 2 4 4 4 4 2 4 2 4 4 4 4 4 4 4 4 4 4 4 4 4 4 4 4 4 4 4 2 2 4 4
 8 4 2 2 2 2 2 2 2 2 2 2 6 6 2 2 2 2 2 2 2 2 2 2 2 2 2 2 2 2 2 2 2 2 2 2 4 4 4 4 4 4 4 4 4 4 4 4 4 4 4 4 4 4 2 4 4 4 4 4 4 2 4 4 4 2 6 6 6 6 6 6 6 6 6 2 2 2 2 2 6 2 2 6 6 6 6 6 6 6 6 6 6 6 6 6 8 6 6 6 6 6 6 6 6 6 6 6 6 2 2 2 2 2 6 6 2 2 6 6 6 6 6 6 6 6 6 6 6 6 6 6 6 6 6 6 6 6 6 6 6 6 6 6 6 6 6 6 6 6 6 6 6 6 6 6 6 6 6 6 6 6 6 6 6 6 6 6 6 6 6 6 8 8 6 6 8 8 6 8 8 6 6 6 6 6 6 6 2 2 2 2 2 2 2 2 2 2 2 2 2 2 2 2 2 2 2 2 2 2 2 2 2 4 4 4 4 4 2 2 4 4 4 4 4 4 4 4 4 4 4 4 4 4 4 4 4 4 4 2 4 2 2
 4 4 2 2 2 2 2 2 2 2 2 2 2 2 6 6 6 2 2 2 2 2 2 2 2 2 2 2 2 2 2 2 2 2 2 4 4 2 2 2 4 4 4 4 2 4 2 2 2 2 2 2 2 2 2 2 2 2 2 2 4 4 4 4 4 2 2 4 4 2 4 2 6 6 6 6 2 2 2 2 2 2 6 6 6 6 6 6 6 6 6 6 6 6 6 6 8 8 6 6 6 6 6 6 6 6 6 6 6 2 2 6 6 2 6 6 2 2 2 6 6 6 6 6 6 6 6 6 6 6 6 6 6 6 6 6 6 6 6 6 6 6 6 6 6 6 6 6 6 6 6 6 6 6 6 6 6 6 6 6 6 6 6 6 6 6 6 8 8 6 6 6 6 8 8 6 6 6 6 6 6 6 6 6 6 6 6 6 2 2 2 2 2 2 2 2 2 2 2 2 2 2 2 2 2 2 2 2 2 2 2 2 4 4 4 4 4 2 2 2 4 4 4 4 4 2 4 4 4 4 4 4 4 4 4 4 2 4 4 4 2 2 2
 4 2 2 2 2 2 2 2 2 2 2 2 2 2 2 2 6 6 6 6 6 2 2 2 2 2 2 2 2 2 2 2 2 2 2 2 2 2 2 2 2 2 2 2 2 2 2 2 2 6 6 6 6 6 6 6 6 6 2 2 2 2 2 4 4 2 4 2 2 2 2 2 2 2 6 6 6 2 2 2 2 2 2 2 6 6 6 6 6 6 6 6 6 6 6 6 6 6 6 6 6 6 6 6 6 6 6 6 6 2 2 6 2 2 2 2 2 2 2 6 6 6 2 6 6 6 6 6 6 6 6 6 6 6 8 6 6 6 6 6 6 6 6 6 6 6 6 6 6 6 6 6 6 6 6 6 6 6 6 6 8 6 6 6 6 6 8 8 8 6 6 6 8 8 6 6 6 6 6 6 6 6 6 6 8 6 6 6 2 2 2 2 2 2 2 2 2 2 2 2 2 2 2 2 2 2 4 2 4 4 4 4 2 4 4 4 2 2 2 2 4 4 4 4 4 4 4 4 4 4 4 2 4 4 4 2 2 4 4 2 2 2 2
 4 2 2 2 2 2 2 2 2 2 2 2 2 2 6 2 2 2 2 2 6 6 6 6 6 6 6 6 6 6 6 6 6 6 6 6 6 6 2 2 2 6 6 6 6 6 6 6 6 6 2 2 2 2 2 6 6 6 6 6 6 2 2 2 2 2 4 4 4 4 2 2 2 2 2 2 6 2 2 2 2 2 2 2 2 2 6 6 6 6 6 6 8 6 6 6 6 6 6 6 6 6 6 6 6 6 6 6 6 2 2 6 6 2 2 2 2 2 2 6 6 6 6 6 6 6 6 6 6 6 6 6 6 6 6 6 6 6 6 6 6 6 6 6 6 6 6 6 6 6 6 6 6 6 6 6 6 6 6 8 8 8 6 6 6 6 8 6 6 6 6 6 8 8 6 6 6 6 8 8 8 8 8 8 8 8 6 6 2 2 2 2 2 2 2 2 2 2 2 2 2 2 2 2 4 4 4 4 4 4 2 2 2 4 4 4 4 2 2 2 4 4 4 4 4 4 4 4 4 4 4 2 4 2 4 2 2 4 4 2 2 2 2
 4 2 2 2 2 2 2 2 2 2 2 2 2 2 2 6 6 2 2 2 2 2 2 2 2 2 2 2 6 2 2 2 2 2 2 2 2 2 2 2 2 2 2 2 2 2 2 2 2 2 2 2 2 2 2 2 8 8 4 4 4 4 6 6 6 2 2 2 2 4 4 2 2 2 2 2 2 2 2 2 2 2 2 2 2 2 2 6 2 2 6 6 6 6 6 6 6 6 6 6 6 6 6 6 6 6 6 6 6 2 2 6 6 6 2 2 2 2 2 2 6 6 6 6 6 6 6 6 6 6 6 6 8 6 6 6 6 6 6 6 6 6 6 6 6 6 6 6 6 6 6 6 6 6 6 6 6 6 6 8 8 8 6 6 6 8 8 6 6 6 6 6 6 8 6 6 8 8 8 8 6 8 6 6 6 8 8 6 6 2 2 2 2 2 2 2 2 2 2 2 2 2 2 2 2 4 4 2 2 2 2 2 2 4 4 4 2 2 2 4 4 4 4 4 4 4 4 4 4 4 2 2 2 4 4 2 2 2 2 2 2 2 2
 6 2 2 2 2 2 2 2 2 2 2 2 2 2 2 2 2 2 2 6 6 6 6 2 2 2 2 2 2 2 2 6 6 6 6 6 6 6 6 6 6 6 6 6 6 6 6 6 6 2 4 4 4 2 4 4 4 4 2 2 8 4 4 4 4 2 6 6 2 2 2 2 4 4 4 2 2 2 2 2 2 2 2 2 2 2 2 6 6 6 6 6 6 6 6 6 6 6 6 6 6 6 6 6 6 6 6 6 6 6 6 6 6 2 6 6 2 2 2 2 6 6 6 6 6 6 6 6 6 6 6 6 6 6 6 6 6 6 6 6 6 6 6 6 6 6 6 6 6 2 6 6 6 6 6 6 6 6 6 8 8 6 6 6 8 8 8 6 6 6 6 6 8 8 8 8 8 8 8 8 8 6 6 6 8 8 6 6 6 2 2 2 2 2 2 2 2 2 2 2 2 2 2 2 2 2 2 2 2 2 2 2 4 2 4 4 4 4 4 4 4 4 4 4 4 4 4 4 4 4 2 2 2 2 2 2 2 2 2 2 2 2 2
 6 6 2 2 2 2 2 2 2 2 2 2 2 2 2 2 2 2 2 2 2 2 6 6 6 6 6 6 6 6 6 6 6 6 6 6 6 6 6 6 6 6 6 6 6 4 4 4 4 4 4 4 4 4 4 4 4 4 4 4 4 4 2 2 2 2 4 4 2 6 2 2 2 2 4 2 4 4 2 2 2 2 2 2 2 2 2 2 6 6 6 6 6 6 6 6 6 6 6 6 6 6 6 6 6 6 6 6 6 6 6 6 6 6 6 2 2 2 2 2 2 2 6 6 6 6 6 6 6 6 6 6 6 6 6 6 6 6 6 6 6 6 6 6 6 6 6 6 6 2 8 6 6 6 6 8 6 6 6 8 8 6 6 6 6 8 8 6 6 6 6 8 8 8 8 8 8 8 8 8 8 8 8 6 8 8 8 6 6 2 2 2 2 2 2 2 2 2 2 2 2 2 2 2 2 2 2 2 2 2 2 2 2 4 4 4 4 4 4 4 4 4 4 4 4 4 4 4 4 2 2 2 2 2 2 2 2 2 2 2 2 2 2
 6 6 6 2 2 2 2 2 2 2 2 2 2 2 2 2 2 2 2 2 2 2 2 2 2 2 2 2 2 2 2 2 2 2 2 2 2 2 4 2 2 2 2 8 8 4 4 4 4 4 4 4 4 4 4 4 4 4 4 2 4 4 4 2 2 2 2 2 4 4 4 2 2 2 2 2 4 4 4 4 2 2 2 2 2 2 2 2 2 2 2 2 6 6 6 6 6 6 6 6 6 6 6 6 6 6 6 6 6 6 6 6 6 2 2 2 2 2 2 2 2 2 2 2 2 2 2 6 6 6 6 6 8 6 6 6 6 6 6 6 6 6 6 6 6 6 6 6 6 2 6 6 6 6 8 8 6 6 8 8 6 6 6 8 8 8 6 8 8 8 8 8 8 8 8 6 8 8 8 6 6 6 6 6 6 8 8 6 6 2 2 2 2 2 2 2 2 2 2 2 2 2 2 2 2 2 2 4 4 4 4 4 4 4 4 4 4 4 4 4 4 4 4 4 4 4 4 4 4 4 2 2 2 2 2 2 2 2 2 2 2 2 2
 6 6 6 2 2 2 2 2 2 2 2 2 2 2 2 2 2 2 2 2 2 2 2 2 2 2 2 2 2 2 2 2 2 2 2 2 2 4 2 2 2 2 4 4 4 4 4 4 4 4 4 4 4 4 4 4 4 4 4 4 4 4 2 2 4 4 4 4 2 2 2 4 4 2 6 2 2 2 2 4 2 2 2 2 2 2 6 6 6 2 2 2 2 8 8 6 6 6 6 6 6 6 6 6 6 6 6 6 6 2 6 6 6 6 2 2 2 2 2 2 2 2 2 2 2 2 2 6 6 6 6 6 8 8 6 6 6 6 6 6 6 6 6 6 6 6 2 2 6 6 6 6 6 6 8 8 6 6 8 6 6 8 8 8 8 8 8 8 6 8 6 6 6 8 8 6 6 8 6 6 6 6 6 6 6 6 6 6 6 2 2 2 2 2 2 2 2 2 2 2 2 2 2 2 2 2 2 4 4 4 4 4 4 4 4 4 4 4 4 4 4 4 2 2 2 4 4 4 4 2 2 2 2 2 2 2 2 2 2 2 2 2 2
 6 6 6 6 6 2 6 2 2 2 2 2 2 2 2 2 2 2 2 2 2 2 2 2 2 2 2 2 2 2 2 2 2 2 2 2 4 2 2 2 2 4 4 4 4 4 4 4 4 4 4 4 4 4 4 4 4 4 4 4 4 4 2 4 4 4 4 4 4 2 2 2 2 2 4 4 6 6 2 2 2 2 2 2 2 4 2 4 4 6 2 2 4 6 6 6 6 6 6 6 6 6 6 6 6 6 6 6 2 2 2 6 6 2 2 2 2 2 2 2 2 2 2 2 2 2 2 6 2 6 8 8 8 8 6 6 6 6 6 6 6 6 6 6 6 6 6 6 6 6 6 6 6 6 6 6 6 6 6 6 8 8 8 8 8 8 8 8 6 6 6 6 6 8 6 6 6 6 6 6 6 6 6 6 6 8 8 8 6 2 2 2 2 2 2 2 2 2 2 2 2 2 2 2 2 2 2 2 4 4 4 4 4 2 4 4 4 4 4 4 4 4 4 4 4 2 4 2 2 2 2 2 2 2 2 2 2 2 2 2 2 2 2
 6 6 6 6 6 6 6 6 2 2 2 2 2 2 2 2 2 2 2 2 2 2 2 2 2 2 2 2 2 2 2 2 2 2 4 4 4 4 4 4 4 4 4 4 4 4 4 4 4 4 4 4 4 2 4 4 4 4 4 4 4 4 4 4 4 4 4 4 4 4 4 4 2 2 2 2 4 4 6 6 2 2 2 2 4 4 4 2 2 4 2 2 2 2 6 6 6 6 6 6 6 6 6 6 6 6 6 6 6 2 6 2 6 6 6 2 2 2 2 2 2 2 2 2 2 2 2 2 6 6 6 8 8 6 6 6 6 6 6 6 6 6 6 6 6 6 6 6 6 6 6 6 6 6 6 6 6 6 6 6 6 8 8 8 8 8 8 6 8 6 8 6 6 8 8 6 8 8 6 6 6 8 6 6 8 8 8 8 6 2 2 2 2 2 2 2 2 2 2 2 2 2 2 2 2 2 2 4 4 4 4 4 4 2 4 4 4 4 4 4 2 2 4 4 2 2 2 2 2 2 2 2 2 2 4 2 2 2 2 2 2 2 2
 6 6 6 6 6 6 6 6 6 2 2 2 2 2 2 2 2 2 2 2 2 2 2 2 2 2 2 2 2 2 2 2 2 4 4 4 4 4 4 4 4 4 4 4 4 4 4 4 4 4 4 4 4 4 4 4 2 4 4 4 4 4 4 4 4 4 4 2 2 4 4 4 4 2 2 2 2 2 4 4 2 2 2 2 4 4 4 2 2 2 2 2 2 2 2 2 6 6 6 6 6 6 6 6 6 6 6 6 2 6 6 6 6 6 6 6 6 2 2 2 2 6 6 6 2 2 2 6 6 6 6 6 6 6 6 6 6 6 6 6 6 6 6 6 6 6 6 6 6 6 6 6 6 6 6 6 6 6 8 6 6 6 8 8 8 8 6 6 8 8 6 6 8 8 8 6 6 6 6 6 6 8 8 8 8 8 8 8 6 6 2 2 2 2 2 2 2 2 2 2 2 2 2 2 2 2 2 4 4 4 4 4 4 2 2 4 4 4 4 4 2 2 2 2 2 2 2 2 2 2 2 2 2 2 2 2 2 2 2 2 2 2 2
 6 6 6 6 6 6 6 6 6 6 2 2 2 2 2 2 2 2 2 2 2 2 2 2 2 2 2 2 2 2 4 2 2 4 4 4 4 4 4 4 4 4 4 4 4 4 4 4 4 4 4 4 4 4 4 4 4 4 4 4 4 4 4 4 4 4 2 2 2 4 4 4 2 2 2 2 4 2 2 2 2 4 2 2 2 2 4 4 2 2 2 2 2 2 6 2 2 6 6 6 6 6 6 6 6 6 6 6 6 6 6 6 6 6 6 6 6 2 2 2 6 6 6 2 6 2 2 6 6 6 6 6 8 8 6 6 6 6 6 6 6 6 6 6 6 6 6 6 6 6 6 6 6 6 6 6 6 6 6 6 6 6 8 8 8 8 6 6 8 8 6 8 6 6 8 6 6 6 6 8 8 8 8 8 8 8 8 8 6 6 2 2 2 2 2 2 2 2 2 2 2 2 2 2 2 2 2 4 4 4 4 4 4 2 2 2 2 4 4 2 2 2 2 2 2 2 2 2 2 2 2 2 2 2 2 2 2 2 2 2 2 2 2
 6 6 6 6 6 6 6 6 6 6 2 2 2 2 2 2 2 2 2 2 2 2 2 2 2 2 2 2 2 2 2 2 2 4 4 4 4 4 4 4 4 4 4 4 4 4 4 4 4 4 4 4 2 2 4 4 4 4 2 4 4 4 4 4 2 4 2 2 2 4 4 4 2 4 2 2 4 4 2 2 2 2 4 4 2 2 2 2 2 4 2 2 2 2 2 6 6 2 2 2 6 6 6 6 6 6 6 6 6 6 6 6 6 6 6 6 6 2 2 2 2 6 6 6 6 6 2 6 6 6 6 6 6 6 6 6 6 6 6 6 6 6 6 6 6 6 6 6 6 6 6 6 6 6 8 8 8 8 6 6 6 6 6 8 8 8 8 8 8 8 8 8 6 6 8 6 6 8 8 8 8 8 8 8 8 6 6 6 6 6 2 2 2 2 2 2 2 2 2 2 2 2 2 2 2 2 4 4 4 4 4 4 2 2 2 2 2 4 2 2 2 2 2 2 2 2 2 2 2 2 2 2 2 2 2 2 2 2 2 2 2 2 2
 6 6 6 6 6 6 6 6 6 6 6 2 2 2 2 2 2 2 2 2 2 4 4 2 2 2 2 2 2 2 2 2 2 4 4 4 4 4 4 4 4 4 4 4 4 4 4 4 4 4 4 2 2 2 4 4 4 4 4 4 4 4 4 4 2 4 2 2 2 4 4 2 2 2 2 2 4 4 2 2 2 2 4 2 4 4 2 2 2 4 4 2 2 4 2 2 6 6 6 2 2 2 2 2 6 6 6 6 6 6 6 6 6 6 6 6 6 6 6 2 2 2 2 6 6 2 2 6 6 6 6 6 6 6 6 6 6 6 6 6 6 6 6 6 6 6 6 6 6 6 6 6 6 8 8 8 8 8 6 6 6 6 8 8 8 8 8 8 8 8 8 8 8 8 8 6 8 8 8 8 8 8 6 8 8 6 6 8 6 6 6 2 2 2 2 2 2 2 2 2 2 2 2 2 2 2 2 2 4 4 4 4 4 2 2 2 2 2 2 2 2 2 2 2 2 2 2 2 2 2 2 2 2 2 2 2 2 2 2 2 2 2 2
 6 6 6 6 6 6 6 8 6 6 6 2 2 2 2 2 2 2 2 2 2 4 2 2 2 2 2 2 2 2 2 2 4 4 4 4 4 4 4 4 4 4 4 4 4 4 4 4 4 4 4 2 2 4 4 4 4 4 4 4 4 4 4 4 4 4 2 2 4 4 4 4 2 2 2 2 4 4 2 2 2 4 4 2 2 2 2 2 2 2 2 2 4 2 2 2 2 2 6 6 6 6 6 6 2 2 2 2 2 2 6 6 2 2 6 6 6 6 6 6 6 6 6 6 2 2 2 6 6 6 6 6 6 8 6 6 6 6 6 6 6 6 6 6 6 6 6 6 6 6 6 6 6 8 8 8 8 8 6 8 6 8 8 8 8 8 8 8 8 8 8 8 8 8 8 8 8 8 8 8 8 8 8 8 8 6 6 8 6 6 6 2 2 2 2 2 2 2 2 2 2 2 2 2 2 2 2 2 4 4 4 4 2 2 2 4 4 4 4 2 2 2 2 2 4 2 4 2 2 2 2 2 2 2 2 4 2 2 2 2 2 2 2
 6 6 6 6 6 6 6 6 6 6 6 2 2 2 2 2 2 2 2 2 2 2 2 2 2 2 2 2 2 2 4 4 4 4 4 4 4 4 4 4 4 4 4 4 4 4 4 4 4 2 2 2 4 4 4 4 4 4 4 4 4 2 4 4 4 4 2 2 4 4 4 4 2 2 2 4 4 4 2 2 2 2 2 2 2 2 2 4 4 2 2 2 4 4 4 2 2 2 2 6 6 6 6 6 6 6 2 6 2 2 2 2 2 2 2 2 2 2 2 6 6 6 6 6 6 2 2 6 6 6 6 6 8 8 6 6 6 6 6 6 6 6 6 6 6 6 6 6 6 8 8 8 8 8 8 8 8 8 8 8 8 8 8 8 8 8 8 8 8 8 8 8 8 8 8 8 8 8 8 8 6 6 6 6 6 6 6 8 8 6 6 2 2 2 2 2 2 2 2 2 2 4 2 2 2 2 2 2 4 4 4 2 2 2 2 4 4 4 4 2 2 2 2 2 2 2 2 2 2 2 2 2 2 2 2 2 2 2 2 2 2 2 2
 6 6 6 6 6 6 6 6 6 6 6 6 2 2 2 2 4 4 2 2 2 2 2 2 2 2 2 2 2 4 4 4 4 4 4 4 4 4 4 4 4 4 4 4 4 4 4 4 4 4 2 4 4 4 4 4 4 2 2 4 4 2 4 2 4 2 2 2 4 2 2 2 2 2 2 4 4 2 2 2 4 4 4 2 4 2 2 2 2 4 2 2 2 2 4 4 4 4 2 2 2 2 2 2 6 6 6 6 6 6 6 6 6 2 2 2 2 2 2 2 2 2 2 2 6 6 2 6 6 6 6 6 6 6 6 6 6 6 6 6 6 6 6 6 6 6 8 8 8 8 8 8 8 8 8 8 8 8 8 8 8 8 8 8 8 8 8 8 8 8 8 8 8 6 8 8 8 6 6 6 6 6 6 6 6 6 6 6 6 6 6 2 2 2 2 2 2 2 2 2 4 4 4 4 2 2 2 2 2 4 4 4 4 4 4 4 4 4 2 2 2 2 2 2 2 2 2 2 2 2 2 2 2 2 2 2 2 2 2 2 2 2 2
 6 6 6 6 6 6 6 6 6 6 6 6 6 2 2 2 2 2 2 2 2 2 2 2 2 2 4 2 2 4 4 4 4 4 4 4 4 4 4 4 4 4 4 4 4 4 4 4 4 4 4 4 4 4 4 4 4 2 2 2 2 2 2 2 2 2 2 2 2 2 2 2 2 2 2 2 4 2 2 4 4 4 2 2 4 4 2 2 2 2 2 2 2 2 2 2 4 4 4 2 2 2 2 2 2 2 6 6 6 6 6 6 6 6 2 2 2 2 2 6 6 6 6 2 2 2 2 6 6 6 6 6 6 6 6 6 6 6 6 6 6 6 6 6 6 8 6 6 6 6 6 6 6 8 8 8 8 8 8 8 8 8 8 8 8 8 8 8 8 8 6 8 6 6 8 8 6 6 6 6 6 8 8 8 8 8 6 6 8 6 6 2 2 2 2 2 2 2 2 2 4 2 2 2 2 2 2 2 2 4 4 4 4 4 4 4 4 2 2 2 2 2 2 2 2 2 2 2 2 2 2 2 2 2 2 2 2 2 2 2 2 2 2
 6 6 6 6 6 6 6 6 6 6 6 6 6 6 6 2 2 2 2 2 2 2 2 4 4 4 4 4 4 4 4 4 4 4 4 4 4 4 4 4 4 4 4 4 4 2 2 2 2 4 2 2 4 2 2 2 2 2 2 2 2 2 2 2 2 2 2 2 2 2 2 2 2 2 2 2 2 2 2 2 2 2 2 2 4 4 2 4 4 4 4 2 4 4 2 2 2 2 4 4 4 4 2 2 2 2 2 6 2 2 2 6 6 6 6 2 2 2 2 6 6 6 6 6 6 6 2 6 6 6 6 6 6 6 6 6 6 6 6 6 6 6 6 6 6 6 6 6 6 6 6 8 8 8 8 8 8 8 8 8 8 8 8 8 8 8 8 8 8 8 8 8 8 8 8 6 6 6 6 6 8 8 8 6 6 8 8 8 8 6 6 6 2 2 2 2 2 2 2 2 2 2 2 2 2 2 2 2 4 4 4 4 4 4 2 4 4 4 2 2 2 2 2 2 2 2 2 2 2 2 2 4 2 2 2 2 2 2 2 2 2 2 2
 6 6 6 6 6 6 6 6 6 6 6 6 6 6 6 6 6 6 2 2 2 2 2 4 4 2 4 4 4 4 4 4 4 4 4 4 4 4 4 4 4 2 2 2 2 2 2 2 2 2 2 2 2 2 2 2 2 2 2 2 2 2 2 2 2 2 2 2 2 2 2 2 2 2 2 2 2 2 2 2 2 2 2 2 4 2 2 2 2 2 2 2 2 2 4 2 2 2 2 2 2 4 4 2 2 2 4 4 4 4 2 2 2 2 6 6 2 2 2 2 2 2 2 6 6 6 6 6 6 2 6 6 6 6 6 6 6 6 6 6 6 6 6 6 6 6 6 6 6 2 8 8 8 8 8 8 8 8 8 8 8 8 6 6 6 8 8 8 8 8 8 6 8 8 6 6 6 6 6 8 8 8 8 6 6 8 6 8 6 6 6 6 2 2 2 2 6 2 2 2 6 2 2 2 2 2 2 2 2 4 4 4 4 4 2 2 2 2 2 2 2 2 2 2 2 2 2 2 2 2 4 4 2 2 2 2 2 2 2 2 2 2 2
 6 6 6 6 6 6 6 6 6 6 6 6 6 6 6 6 6 6 6 6 2 2 2 4 2 4 4 4 4 4 4 4 4 4 4 4 2 2 2 2 2 2 2 2 2 2 2 2 2 6 2 2 6 6 6 6 6 6 6 6 6 2 2 2 2 2 6 2 2 2 2 2 2 2 2 2 2 2 2 2 2 2 2 2 2 2 2 2 2 2 2 2 2 2 2 2 2 2 6 2 2 2 2 2 2 4 4 4 4 4 4 2 2 2 2 2 6 2 2 2 2 6 2 2 6 6 6 6 6 6 2 6 6 6 6 6 6 6 6 6 6 6 6 6 6 6 6 6 6 8 8 8 8 8 8 8 8 8 8 8 8 6 6 6 8 8 8 8 8 6 6 8 8 8 8 6 8 8 8 8 8 6 6 6 8 8 6 6 6 6 6 6 6 6 2 2 2 2 2 2 2 2 6 2 2 2 2 2 2 4 4 4 4 4 2 2 2 2 2 2 2 2 2 2 2 2 2 2 2 2 4 4 2 2 2 2 2 2 2 2 2 2 2
 6 6 6 6 6 6 6 6 6 6 6 6 6 6 6 6 6 6 6 6 6 2 2 2 2 2 4 4 2 2 4 4 2 2 2 2 2 2 2 2 2 6 6 6 2 2 2 2 6 6 6 6 6 6 6 6 2 6 6 2 2 2 2 2 2 6 6 6 2 2 2 2 2 2 2 2 2 2 2 2 2 2 2 2 2 2 2 2 2 2 2 2 2 2 2 2 2 2 2 2 6 6 2 2 2 2 2 2 2 2 2 2 2 2 2 2 4 4 4 2 2 2 2 2 6 6 6 6 6 6 6 6 8 8 6 6 6 6 6 6 6 6 6 6 6 6 6 6 8 8 8 8 8 8 8 8 8 8 8 8 8 6 8 8 8 8 8 8 6 6 6 8 8 8 8 8 8 8 8 8 6 6 6 6 8 6 6 6 6 6 6 6 6 6 2 2 2 2 2 2 2 2 6 6 2 2 2 2 4 4 2 4 4 4 2 2 2 4 2 2 2 2 2 2 4 4 4 2 2 2 4 4 2 2 2 2 2 2 2 2 2 2 2
 6 6 6 6 6 6 6 6 6 6 6 6 6 6 6 6 6 6 6 6 6 6 6 2 2 2 2 2 2 2 2 2 2 6 6 6 6 6 6 6 6 6 6 6 6 2 6 6 6 6 6 6 6 6 6 6 6 6 6 6 6 6 6 6 6 6 6 6 6 6 6 2 2 2 2 2 2 2 2 2 2 2 2 2 2 2 2 2 2 2 2 2 2 2 2 2 2 2 2 2 2 4 4 2 2 4 4 4 2 4 2 2 2 2 2 2 2 2 2 2 2 4 4 2 2 6 6 6 6 6 6 6 8 8 6 6 6 6 6 6 6 8 8 6 6 6 6 8 8 8 8 8 8 8 8 8 8 8 8 8 8 8 6 6 8 8 8 8 8 8 8 8 8 8 8 6 6 6 6 6 6 6 6 6 6 6 6 6 6 6 6 6 6 6 6 6 6 6 2 2 6 2 6 6 6 2 2 2 4 4 2 2 2 2 2 2 2 4 4 2 2 2 4 4 4 2 2 2 2 4 4 4 2 2 2 2 2 2 2 2 4 4 2
 6 6 6 6 6 6 6 6 6 6 6 6 6 6 6 6 6 6 6 6 6 6 6 6 6 6 6 2 2 2 2 6 6 6 6 6 6 6 6 6 6 6 6 6 6 6 6 6 6 6 6 6 6 6 6 6 6 6 6 6 6 6 6 6 2 6 6 6 6 6 6 6 2 2 2 2 2 2 2 2 2 2 2 2 2 2 2 2 2 2 2 2 2 2 2 2 2 2 2 2 2 2 2 2 2 4 4 4 4 4 4 2 2 2 4 4 4 2 2 2 2 2 2 2 2 2 2 6 6 6 6 6 6 6 6 6 6 6 6 8 8 8 6 6 6 8 8 8 8 8 8 8 8 8 8 8 8 8 8 8 6 6 6 6 6 6 8 8 8 8 8 8 8 8 6 6 6 6 6 6 6 6 6 6 6 6 6 6 6 6 8 6 6 6 6 6 6 6 6 6 6 2 2 2 6 6 2 2 2 2 2 2 4 4 4 2 2 4 2 2 2 2 2 2 2 2 2 2 4 4 4 4 2 2 2 2 2 2 4 4 2 4 2
 6 6 6 6 6 6 6 6 6 6 8 6 6 6 6 6 6 6 6 6 6 6 6 6 6 6 6 6 6 6 6 6 6 6 6 6 6 6 6 6 6 6 6 6 6 6 6 6 6 6 6 6 2 6 6 6 6 6 6 6 6 6 6 6 6 6 6 6 6 6 6 6 6 6 6 2 6 6 6 2 2 2 2 2 2 2 2 2 2 2 2 2 2 2 2 2 2 2 2 2 2 2 2 2 2 2 2 2 2 2 2 2 2 2 2 2 2 2 2 2 2 2 2 2 2 2 2 2 2 6 6 6 6 6 6 6 6 6 8 8 8 6 6 6 8 8 8 8 8 8 8 8 8 8 8 8 8 8 8 8 6 8 8 8 6 6 8 8 8 8 8 8 8 6 6 6 6 6 8 6 6 6 6 6 6 6 6 6 6 8 8 6 6 6 6 6 2 2 2 2 2 6 6 2 2 2 6 6 2 2 2 4 4 2 2 2 2 4 2 2 2 2 2 2 2 2 4 4 4 4 4 4 2 2 2 2 4 4 4 4 4 4 4
 6 6 6 6 6 6 6 6 6 8 8 6 6 6 6 6 6 6 6 6 6 6 6 6 6 6 6 6 6 6 6 2 2 6 6 6 6 6 6 6 6 2 6 6 6 6 2 6 6 6 6 6 2 2 6 6 6 6 6 6 6 6 6 6 6 6 6 6 6 6 6 6 6 6 6 6 6 6 6 6 2 2 2 2 2 2 2 2 2 2 2 2 2 2 2 2 2 2 2 2 2 2 2 2 2 6 2 6 6 6 2 2 2 2 2 2 2 2 2 2 2 2 2 2 2 2 2 2 2 2 6 6 6 6 6 6 8 8 6 6 6 6 6 8 8 8 6 6 8 8 8 8 8 8 8 8 8 8 6 6 6 6 6 6 6 6 8 8 8 8 8 8 8 6 6 6 6 8 6 6 6 6 6 6 6 6 6 6 8 8 6 6 6 6 6 6 6 2 2 2 2 2 6 6 2 2 2 6 2 2 4 2 2 2 2 2 2 4 2 2 2 2 2 2 2 2 2 4 4 4 2 2 2 2 2 4 4 4 2 2 2 2 2
 6 6 6 6 6 6 6 6 6 6 6 6 6 6 6 6 6 6 6 6 6 6 6 6 6 6 6 6 6 6 6 2 2 2 2 2 6 6 6 6 6 6 6 6 6 6 6 6 2 6 6 6 2 6 6 6 2 6 6 6 6 6 6 6 6 6 6 6 6 6 6 6 6 6 6 6 6 6 6 6 6 2 2 2 6 6 2 2 2 2 2 2 2 2 2 2 4 4 2 2 2 2 4 2 2 2 2 2 2 2 6 6 2 2 2 2 2 2 2 2 2 2 2 2 2 2 2 2 2 4 2 6 6 2 8 8 8 8 6 6 8 8 8 8 8 8 8 8 8 8 8 8 8 8 8 8 8 8 8 8 8 8 6 6 6 6 8 8 8 6 8 8 6 6 6 6 8 8 6 6 6 6 6 6 6 2 8 8 8 8 6 6 2 8 8 8 6 2 2 2 2 2 6 6 6 2 2 2 2 2 2 2 2 2 2 2 2 2 2 2 2 2 2 2 4 4 4 4 4 4 4 4 4 2 2 2 2 2 2 2 2 2 2
 6 6 6 6 6 6 6 6 6 6 6 8 8 6 8 8 6 6 6 6 6 6 6 6 6 6 6 6 6 6 6 2 2 2 2 2 2 2 2 6 6 6 2 6 6 6 6 6 6 6 6 6 2 2 6 6 6 6 6 6 6 6 6 6 6 6 6 6 6 6 6 6 6 6 6 6 6 6 6 6 6 6 6 6 6 6 2 2 2 2 2 2 2 2 2 2 2 2 2 2 2 2 2 2 2 2 2 2 2 2 2 2 2 2 2 2 2 2 2 2 2 2 2 2 2 2 2 2 2 2 4 4 2 2 6 8 8 8 6 6 6 6 6 6 8 8 8 8 8 8 8 8 8 8 8 8 8 8 8 8 8 6 6 6 6 8 8 6 8 8 8 8 8 6 8 8 8 8 8 8 8 8 6 6 8 8 8 8 8 6 6 6 6 6 8 6 6 6 2 2 2 2 6 6 6 6 2 2 2 2 2 2 2 6 6 6 6 6 2 2 2 2 2 2 4 4 4 4 4 2 2 2 2 2 2 2 2 2 2 2 4 2 2
 6 6 6 6 6 6 6 8 6 6 8 8 8 6 8 6 6 6 6 6 6 6 6 6 6 6 6 6 6 6 6 6 2 2 6 6 6 2 2 6 6 2 2 6 6 6 6 6 6 6 6 6 6 2 6 6 6 6 6 6 6 6 6 6 6 6 6 6 6 6 6 6 6 6 6 6 6 6 6 6 6 6 6 6 6 6 6 2 2 2 2 2 2 2 2 2 2 2 2 2 2 2 2 2 2 2 2 2 2 2 2 2 2 4 2 2 2 2 2 2 2 2 2 2 2 2 2 2 2 2 2 2 2 2 6 6 8 6 6 6 6 6 6 6 6 6 6 8 8 8 8 8 8 8 8 8 8 8 8 8 8 6 6 6 6 8 8 8 8 8 8 6 6 6 6 6 6 6 6 6 6 6 6 6 6 6 6 6 8 6 6 6 2 6 6 6 6 6 6 6 6 6 6 6 6 6 6 2 6 6 6 6 6 6 6 6 6 6 2 2 2 2 2 2 2 2 2 2 2 2 2 2 2 2 2 2 2 4 4 4 4 4 4
 6 2 2 6 6 6 8 8 8 8 8 8 8 8 6 6 6 6 6 6 6 6 6 6 6 6 6 6 6 6 6 6 2 2 6 6 6 6 2 6 6 6 2 6 6 2 2 6 6 6 6 6 6 6 6 6 6 6 6 2 6 6 6 6 6 6 6 6 6 6 6 6 6 6 6 6 6 6 6 6 6 2 2 6 6 6 6 6 6 2 2 2 2 2 2 2 2 2 2 2 2 2 2 2 2 2 2 2 2 2 2 2 2 2 4 2 4 4 2 2 2 2 2 2 2 2 2 2 2 2 2 2 2 2 4 4 6 6 6 6 6 6 6 6 6 6 6 6 6 8 8 8 8 8 6 6 8 6 6 6 6 6 6 6 6 8 8 8 8 8 6 6 6 6 6 6 6 6 6 6 6 6 6 6 6 6 6 8 8 6 6 2 2 6 6 6 6 6 6 6 6 6 6 6 6 6 6 2 2 2 2 6 6 6 6 8 6 6 2 2 2 2 2 2 2 2 2 2 2 2 2 2 2 2 2 4 4 4 4 4 4 4 4
 6 6 6 6 6 8 8 8 8 8 8 8 8 6 6 6 6 6 6 6 6 6 6 6 6 6 6 6 2 2 6 2 2 2 2 6 2 2 2 6 6 6 6 6 6 2 2 2 2 6 6 6 6 6 6 6 6 6 6 6 6 6 6 6 6 6 6 6 6 6 6 6 6 6 6 6 6 6 6 6 6 6 6 6 6 6 6 6 6 6 6 6 6 2 2 2 2 2 2 2 2 2 2 2 2 2 2 2 2 2 2 2 2 2 2 2 4 4 2 4 4 4 4 4 4 2 2 2 2 4 2 2 2 2 2 4 4 2 6 6 6 6 6 6 6 6 6 6 6 8 8 6 6 6 6 6 6 6 6 6 6 6 6 8 8 8 8 8 8 8 8 8 8 6 6 8 8 8 8 4 4 4 4 8 4 4 4 8 8 6 2 2 2 6 6 6 6 6 6 6 6 6 6 2 6 6 8 6 2 2 2 2 2 2 8 6 6 6 6 2 2 2 2 2 2 2 2 2 2 2 2 2 4 4 4 4 4 4 2 2 2 2 2
 6 2 6 6 6 8 8 8 8 8 8 8 8 6 8 8 6 6 6 6 6 6 6 6 6 6 6 6 6 2 2 2 2 2 6 6 2 2 2 2 6 6 6 6 2 2 2 2 2 6 6 6 2 2 6 6 6 6 6 6 6 6 6 6 6 6 6 6 6 6 6 2 6 6 6 6 6 6 6 6 6 6 6 6 6 6 6 6 6 6 6 6 6 6 6 2 2 2 2 2 2 2 2 2 2 2 2 2 2 2 2 2 4 4 2 2 2 2 2 4 4 4 4 4 4 4 4 4 2 2 4 2 2 2 2 2 2 2 8 8 4 8 8 8 4 4 4 4 8 8 6 6 6 6 6 6 6 8 8 8 8 8 8 8 8 8 8 8 8 8 8 8 6 8 8 4 8 8 8 4 4 4 4 8 8 8 8 8 6 6 6 6 2 2 2 2 6 6 6 6 6 6 6 6 6 6 6 6 6 2 2 2 2 2 6 6 6 2 2 2 2 2 2 2 2 2 2 2 2 2 4 4 4 4 4 2 2 2 2 2 2 2 4
 6 2 6 6 6 6 6 8 8 8 8 8 8 8 8 6 6 6 6 6 6 6 6 6 6 6 6 6 6 2 2 2 2 2 2 2 2 2 2 2 6 6 6 2 2 2 2 2 2 2 6 6 6 2 2 6 6 6 6 2 6 6 6 6 6 6 6 6 6 6 6 6 6 6 6 6 6 6 6 6 6 2 6 6 6 6 6 6 6 6 6 6 6 6 6 6 6 2 2 2 2 2 2 2 2 2 2 2 2 2 2 4 4 4 4 4 2 2 2 2 2 2 2 2 4 4 4 4 4 4 2 2 4 2 2 6 6 2 8 8 8 8 8 8 8 8 8 8 8 4 4 4 4 8 8 8 8 8 8 8 6 6 6 6 8 8 8 6 8 8 8 4 4 8 8 4 4 8 8 8 8 8 8 6 6 6 6 6 6 6 6 6 6 6 6 6 6 6 6 6 6 6 6 6 6 6 6 6 6 2 2 2 4 4 4 2 6 6 2 2 2 2 2 2 2 2 2 4 4 4 4 4 4 2 2 2 2 2 2 4 4 4 2
 6 6 2 6 6 6 6 8 8 6 8 6 8 8 6 6 6 6 6 6 6 6 6 6 6 6 6 6 6 6 2 2 2 2 2 2 2 2 2 2 6 6 2 2 2 2 2 2 2 2 6 2 2 2 2 6 6 6 6 6 6 6 6 6 6 6 6 6 6 6 6 6 6 6 6 6 6 6 6 6 6 6 6 6 6 6 6 6 6 6 6 6 6 6 6 6 6 6 2 2 2 2 2 2 2 2 2 2 2 2 2 4 4 4 2 2 2 2 2 2 2 2 2 2 2 2 2 2 2 2 2 2 2 2 2 2 6 6 6 6 6 6 6 6 8 8 8 8 8 8 8 8 8 8 8 4 4 8 8 8 8 4 6 6 6 8 8 8 8 8 4 4 4 8 8 8 8 6 6 6 6 6 6 6 6 6 6 6 6 2 2 6 6 6 6 6 6 6 8 8 8 8 6 6 2 4 4 6 6 6 2 2 4 4 4 4 2 6 6 6 6 2 2 2 2 2 2 2 2 2 2 2 2 2 2 6 4 4 2 2 2 2 2
 6 6 2 2 6 6 6 8 8 6 8 8 8 8 6 6 6 6 6 6 6 6 6 6 2 6 6 6 6 6 2 2 2 2 2 2 2 2 2 2 2 6 2 2 2 2 2 2 2 2 2 2 2 2 2 2 6 6 6 6 6 6 6 6 6 6 6 6 6 6 2 6 6 6 6 6 6 6 6 6 6 6 6 6 6 6 6 6 6 6 6 6 6 6 6 6 6 6 6 2 2 2 2 2 2 2 2 2 2 2 2 2 2 2 2 2 4 2 2 2 2 2 2 2 2 6 2 2 2 2 2 2 2 2 2 2 2 6 6 8 8 8 8 8 4 6 6 6 6 6 6 8 8 8 8 8 8 8 8 8 8 4 4 4 4 4 4 8 8 8 8 8 8 6 6 6 6 6 6 6 6 6 8 8 8 8 8 6 6 2 2 2 6 6 6 8 4 4 8 6 8 8 6 6 2 2 2 2 6 6 6 2 2 2 2 2 2 2 6 6 6 2 2 2 2 2 2 2 2 2 2 6 6 2 2 2 2 2 2 2 2 2 2
 6 6 6 6 6 8 8 8 8 8 8 8 8 6 6 6 6 6 8 6 6 6 6 6 6 2 2 2 2 6 6 6 2 2 2 2 2 2 2 2 2 2 2 2 2 2 2 2 2 2 6 6 2 2 2 2 6 6 6 6 6 6 6 6 6 6 6 6 6 6 6 6 6 6 6 6 6 6 6 6 6 6 6 6 6 6 6 6 6 6 6 6 6 6 6 6 6 6 6 6 2 2 2 2 2 4 4 2 2 2 2 2 2 2 2 2 2 2 2 2 2 2 2 2 2 2 2 6 6 6 2 2 2 2 2 2 2 2 8 8 8 8 8 8 8 8 8 6 6 6 6 6 6 6 6 6 8 8 8 8 8 8 8 8 8 8 8 8 6 6 6 6 6 6 6 6 6 6 6 6 6 6 6 6 6 6 6 6 6 6 6 6 6 6 8 8 8 8 6 6 6 6 6 6 6 6 2 2 2 6 6 6 6 2 2 2 2 2 2 2 6 6 2 2 6 6 6 6 6 6 2 2 2 2 2 2 2 2 6 2 2 2 2
 6 6 6 6 6 8 8 8 8 8 8 8 8 8 6 6 6 8 8 6 6 6 6 6 6 2 2 2 2 2 2 6 6 2 2 2 2 2 2 2 2 2 2 2 2 2 2 2 2 2 6 6 2 2 2 2 2 2 2 2 6 6 6 6 6 6 6 6 6 6 6 6 6 6 6 6 6 6 6 6 6 6 6 6 6 6 6 6 6 6 6 6 6 6 6 6 6 6 6 6 6 2 2 2 2 4 4 2 2 2 2 2 2 2 2 2 2 2 2 2 2 2 2 2 2 2 2 2 2 2 2 2 2 2 2 6 2 6 6 6 6 6 6 6 6 6 6 6 8 8 8 8 8 8 6 6 6 6 6 6 6 6 6 6 6 6 6 6 6 6 6 6 2 8 8 6 6 2 6 6 6 6 6 6 6 6 6 6 6 6 6 6 6 2 6 6 6 6 6 8 6 6 6 6 6 6 6 6 2 6 6 6 6 6 6 6 6 6 6 6 6 6 6 6 6 6 6 2 2 2 2 2 6 6 6 6 2 2 2 2 2 2 2
 6 6 6 6 8 8 8 8 6 8 8 8 8 8 8 8 8 6 6 6 6 6 6 6 6 6 6 2 2 6 6 6 2 2 2 2 2 2 2 2 2 2 2 2 2 2 2 2 2 2 2 2 2 2 2 2 2 2 2 2 2 6 6 6 6 6 6 6 2 2 6 6 6 6 6 6 6 6 6 6 6 6 6 6 6 6 6 6 6 6 6 6 6 6 6 6 6 6 6 6 6 6 6 2 2 2 2 2 2 2 2 2 2 2 2 4 2 2 2 2 2 2 2 2 2 2 2 2 2 2 2 2 2 2 2 2 6 2 2 6 8 6 6 6 6 6 6 6 6 6 6 6 8 8 8 8 8 8 8 6 6 6 6 6 6 6 6 6 8 8 8 8 8 6 6 6 6 6 2 6 6 6 6 6 6 6 6 6 6 6 6 6 6 2 6 6 6 6 6 6 6 6 8 8 8 6 6 6 6 6 6 6 6 6 6 6 4 4 6 6 6 6 2 4 2 2 2 2 2 6 6 6 6 2 2 6 6 6 2 2 2 2 2
 6 2 2 6 8 8 8 8 8 8 8 8 8 8 8 8 8 8 6 6 6 6 6 6 6 6 6 2 2 2 6 6 2 2 2 2 2 2 2 2 2 2 2 2 2 2 6 2 2 2 2 6 2 2 2 2 2 2 2 2 2 2 6 6 6 6 6 6 6 6 6 6 6 6 6 6 6 6 6 6 6 6 6 6 6 6 6 6 6 6 6 6 6 6 6 6 6 6 6 6 6 6 6 6 6 6 6 2 2 2 4 2 2 2 2 2 2 2 2 2 2 2 2 2 2 2 2 2 2 2 2 2 2 2 2 2 2 2 2 2 6 6 6 6 6 6 6 6 6 8 6 6 6 6 6 6 6 6 8 8 8 8 8 8 8 8 8 8 8 6 6 6 6 6 6 6 6 2 8 6 6 6 6 6 6 6 6 6 6 6 6 6 6 6 6 6 6 6 6 6 6 6 6 6 6 6 8 6 2 2 2 2 4 4 4 4 4 4 2 2 2 2 2 2 2 2 2 6 6 2 2 2 2 2 2 2 2 2 2 2 2 2 2
 6 2 2 6 8 8 8 8 8 6 8 8 6 8 8 6 8 6 6 6 6 6 6 6 6 6 6 6 2 6 6 2 2 2 2 2 2 2 2 2 2 2 2 2 2 2 6 2 2 2 2 2 2 2 2 2 2 2 2 2 2 2 6 6 6 6 6 6 6 6 6 6 6 6 6 6 6 6 6 6 6 6 6 6 6 6 6 6 6 6 6 6 6 6 6 6 6 6 6 6 6 6 6 6 6 6 6 6 2 2 2 2 2 2 2 2 2 2 2 2 2 2 2 2 2 2 2 2 2 2 2 2 2 2 2 4 4 2 2 2 6 6 6 6 6 6 6 6 8 6 6 6 6 6 6 6 6 6 6 6 6 6 6 6 6 6 6 6 6 6 6 6 6 6 6 6 6 6 6 6 6 6 6 6 6 6 6 6 6 6 6 6 6 6 6 6 6 6 6 6 6 6 6 6 6 6 6 6 6 2 2 2 2 2 2 2 2 2 2 2 6 6 6 6 6 2 2 2 2 2 2 2 2 2 2 2 2 2 2 2 2 2 2
 6 2 2 6 8 8 8 8 8 8 6 8 8 6 8 8 6 6 6 6 6 6 6 6 6 6 6 2 2 6 6 6 2 2 2 2 2 6 2 2 2 2 2 2 2 2 6 2 2 2 2 2 2 2 2 2 2 2 2 2 2 2 2 2 2 2 6 6 2 6 6 6 6 6 6 6 6 6 6 6 6 6 6 6 6 6 6 6 6 6 6 6 6 6 6 6 6 6 6 6 6 6 6 6 6 6 6 6 6 6 2 2 2 2 2 2 2 2 2 2 2 2 2 2 2 2 2 2 2 2 2 2 2 2 2 4 4 2 2 2 2 6 8 8 6 6 6 6 6 6 6 6 6 6 6 6 6 6 6 6 6 6 6 6 6 6 6 6 6 6 6 6 6 6 6 6 6 6 6 6 6 6 6 6 6 6 6 6 6 6 6 6 6 6 6 6 6 6 6 6 6 6 6 6 6 6 6 6 6 6 6 6 6 6 6 6 2 2 2 6 6 2 2 2 2 2 2 2 6 2 2 2 2 2 2 2 6 6 2 2 2 2 2
 6 2 2 8 8 8 8 8 8 6 6 6 8 6 6 6 6 6 6 6 6 6 6 6 6 6 6 6 2 6 6 6 2 2 2 2 2 6 6 2 2 2 2 2 2 2 6 2 2 2 2 2 2 2 2 2 2 2 2 2 2 2 2 2 2 2 6 6 6 6 6 6 6 6 6 6 2 6 6 6 6 6 6 6 6 6 6 6 6 6 6 6 6 6 6 6 6 6 6 6 6 6 6 6 6 6 6 6 6 6 6 2 2 2 2 2 2 2 2 2 2 2 2 2 2 2 2 2 2 2 2 2 2 2 2 2 2 2 4 2 4 4 8 8 6 6 6 8 6 6 6 6 6 6 6 6 6 6 8 6 6 6 6 6 8 8 8 6 6 6 6 6 6 6 6 6 6 6 6 6 6 6 6 6 6 6 6 6 6 6 6 6 6 6 6 2 6 6 4 8 8 8 8 8 6 6 6 6 6 6 6 6 6 6 6 6 6 6 2 2 2 2 2 2 2 2 2 2 6 2 2 2 2 2 2 2 2 2 2 2 2 2 2
 6 2 2 8 8 8 6 8 8 8 8 8 6 6 6 6 6 6 6 6 6 6 6 6 6 6 6 6 6 6 6 6 6 6 6 6 6 6 6 6 2 2 2 2 2 2 6 6 2 2 2 2 2 2 2 2 2 2 2 2 2 2 2 2 2 2 6 6 2 2 6 6 6 6 6 6 6 6 6 6 6 6 6 6 6 6 6 6 6 6 6 6 6 6 6 6 6 6 6 6 6 6 6 6 6 6 6 6 6 6 6 6 2 2 2 2 2 2 2 2 2 2 2 2 2 2 2 2 2 2 2 2 2 2 2 2 2 4 4 4 4 4 4 4 4 2 6 6 6 6 6 6 6 6 6 6 6 6 6 6 6 6 6 6 8 8 6 8 8 6 6 6 6 6 6 6 6 6 6 6 6 6 6 6 6 6 6 6 6 6 6 6 6 6 6 2 6 8 8 8 8 8 6 6 6 6 6 6 6 6 6 6 6 6 6 6 6 6 2 2 2 2 2 2 2 2 2 2 2 2 2 2 2 2 2 2 2 2 2 2 2 2 4
 6 6 8 8 8 6 6 8 8 8 8 8 8 6 8 8 6 6 6 6 6 6 6 6 6 6 6 6 6 6 6 6 6 6 6 6 6 6 6 2 2 2 2 2 2 2 6 2 2 2 2 2 2 2 2 2 2 2 2 2 2 2 2 2 2 2 2 6 2 2 2 6 6 6 6 6 6 6 6 6 6 6 6 6 6 6 6 6 6 6 6 6 6 6 6 6 6 6 6 6 6 6 6 6 6 6 6 6 6 6 6 6 6 2 2 2 2 2 2 2 2 2 2 2 2 2 2 2 2 2 2 2 2 2 2 2 2 2 2 2 2 2 2 4 4 2 2 6 6 6 8 8 8 8 6 6 6 6 6 6 6 6 6 6 6 6 6 6 6 6 8 6 8 6 6 6 6 6 6 6 6 6 6 6 6 6 6 6 6 6 6 6 6 6 6 6 6 6 6 6 6 6 6 6 6 6 6 6 6 6 6 6 6 6 6 6 6 6 6 2 2 2 6 6 2 2 2 2 2 2 2 2 2 2 2 2 2 2 2 2 2 8 4
 6 6 6 8 6 6 8 8 8 8 8 8 6 6 8 6 6 6 6 6 6 6 6 6 6 6 6 6 6 6 6 6 6 2 6 6 6 6 6 2 2 2 2 2 2 2 6 6 2 2 2 2 2 2 2 2 2 2 2 2 2 2 2 2 2 2 2 2 2 2 2 6 6 6 6 6 6 6 6 6 6 6 6 6 6 6 6 6 6 6 6 6 6 6 6 6 6 6 6 6 6 6 6 6 6 6 6 6 6 6 6 6 6 6 2 2 2 2 2 2 2 2 2 2 2 2 2 2 2 2 2 2 2 2 2 2 2 2 4 2 2 2 2 2 4 2 2 6 6 8 6 6 8 8 6 6 6 8 8 6 6 6 6 6 8 8 6 6 6 6 6 6 6 6 6 6 6 6 6 6 6 6 6 6 6 6 6 6 6 2 6 6 6 6 6 6 6 6 6 6 6 6 6 6 8 8 8 8 6 6 6 6 6 6 6 6 6 6 6 6 2 2 2 6 6 2 6 2 2 2 2 2 2 2 2 2 2 2 2 2 2 4 4
 6 6 6 6 6 6 8 8 8 8 8 6 6 6 6 6 6 6 6 6 6 6 6 6 6 6 6 6 6 6 6 6 6 6 2 6 8 6 6 2 2 2 2 2 2 2 2 2 2 2 2 2 2 2 2 2 6 2 2 2 2 2 2 2 2 2 2 2 2 2 6 6 6 6 6 6 6 6 6 6 6 6 6 6 6 6 6 6 6 6 6 6 6 6 6 6 6 6 6 6 6 6 6 6 6 6 6 6 6 6 6 6 6 6 2 2 2 2 2 2 2 2 2 2 2 2 2 2 2 2 2 2 2 2 2 2 2 4 4 2 2 2 4 4 4 2 2 2 8 6 6 6 8 8 6 6 8 8 8 6 6 6 6 8 8 8 8 8 8 6 6 6 6 6 6 6 6 6 6 6 6 6 2 6 6 6 6 6 6 6 6 6 6 6 6 6 6 6 6 6 6 6 6 6 8 8 8 6 6 6 8 6 6 6 6 6 6 6 6 6 6 2 2 2 2 2 2 2 2 2 2 2 2 2 2 2 2 2 2 2 4 4 2
 6 6 6 6 6 6 8 8 8 8 6 6 6 6 6 6 6 6 6 6 6 6 6 6 6 6 6 6 6 6 2 6 6 6 6 8 6 6 6 2 2 2 2 2 2 2 2 2 2 2 2 2 2 2 2 2 2 2 2 2 2 2 2 2 2 2 2 2 2 6 6 6 6 6 6 6 6 6 6 6 6 6 6 6 6 6 6 6 6 6 6 6 6 6 6 6 6 6 6 6 6 6 6 6 6 6 6 6 6 6 6 6 6 6 2 2 2 2 2 2 2 2 2 2 2 2 2 2 2 2 2 2 2 2 2 2 4 4 4 2 2 2 4 4 2 2 2 2 6 6 6 6 8 8 8 8 8 8 8 8 8 8 8 8 8 6 6 6 6 6 6 8 6 6 6 6 6 6 6 8 6 6 6 6 6 6 6 6 6 6 6 6 6 6 6 6 6 6 6 6 6 6 6 6 6 6 6 6 6 6 6 6 6 6 6 6 6 6 6 6 6 6 2 2 2 2 2 2 2 2 6 2 2 2 2 2 2 4 4 4 4 2 2
 6 6 6 6 6 6 8 8 8 8 6 6 6 6 6 6 6 6 6 6 6 6 6 6 6 6 6 6 6 6 2 2 6 6 6 6 6 6 6 2 2 2 2 2 2 2 2 2 2 2 2 2 2 2 2 2 2 2 2 2 2 2 2 2 2 2 2 2 2 2 6 6 6 2 6 6 6 6 2 6 6 6 6 6 6 6 6 6 6 6 6 6 6 6 6 6 6 6 6 6 6 6 6 6 6 6 6 6 6 6 6 6 6 6 6 2 2 2 2 2 2 2 2 2 2 2 2 2 2 2 2 2 2 2 2 2 4 4 4 4 4 2 4 4 2 2 2 2 2 6 6 6 8 8 8 8 8 8 8 6 8 8 8 8 8 6 8 8 6 6 6 6 6 6 6 6 6 6 6 8 6 6 6 6 2 6 6 6 6 6 6 6 6 6 6 6 6 6 6 6 6 6 6 6 6 6 6 6 6 6 6 6 6 6 6 6 6 6 6 6 6 6 6 2 2 2 2 2 2 2 2 2 2 2 2 4 4 2 2 2 2 2 2
 6 2 2 2 6 6 8 8 8 8 6 6 6 6 6 6 6 6 6 6 6 6 6 6 6 6 6 6 6 6 6 2 6 6 6 6 6 6 6 6 2 2 2 2 2 2 2 2 2 2 2 2 2 2 2 2 2 2 2 2 2 2 2 2 2 2 2 2 2 2 2 6 6 6 2 2 6 6 6 6 6 6 6 6 6 6 6 6 6 6 6 6 6 6 6 6 6 6 6 6 6 6 6 6 6 6 6 6 6 6 6 6 6 6 6 6 6 6 2 6 2 2 2 2 2 2 2 2 2 2 2 2 4 2 2 4 4 4 4 4 2 2 4 4 2 2 2 2 2 2 2 8 8 8 8 6 6 6 6 8 8 8 8 8 8 8 6 6 6 6 6 6 6 6 6 6 6 6 6 6 6 6 6 6 6 6 6 6 6 6 6 6 6 6 6 6 6 6 6 6 6 6 6 6 6 8 8 6 6 6 6 6 6 6 6 6 6 6 6 6 6 6 6 2 2 2 2 2 2 2 2 2 2 2 4 4 2 2 2 2 2 2 2
 6 6 2 2 6 6 8 8 8 6 6 6 6 6 6 6 6 6 6 6 6 6 6 6 6 6 6 6 6 6 6 2 6 6 6 6 6 6 6 6 2 2 2 2 6 2 2 2 2 2 2 2 2 2 2 2 2 2 2 2 2 2 2 2 2 2 2 2 2 2 2 6 6 6 6 2 6 6 6 6 6 6 6 6 6 6 6 6 6 6 6 6 6 6 6 6 6 6 6 6 6 6 6 6 6 6 6 6 6 6 6 6 6 6 6 6 6 6 6 6 6 2 2 2 2 2 2 2 2 2 2 2 4 4 2 4 4 4 4 2 2 2 4 4 2 2 2 2 2 8 4 8 8 8 8 6 6 6 6 8 8 8 8 8 8 8 6 6 6 6 6 6 6 6 6 6 6 6 6 6 6 6 6 6 6 6 6 6 6 6 6 6 6 6 6 6 6 6 6 6 6 6 6 6 8 8 8 6 6 6 6 6 6 6 6 6 6 6 6 6 6 6 6 6 2 2 2 2 2 2 2 2 2 2 2 2 2 2 6 6 6 2 2
 6 6 2 2 2 6 6 8 8 6 6 6 6 6 6 6 6 6 6 6 6 6 6 6 6 6 6 6 6 6 6 6 6 6 6 6 6 6 6 6 2 2 2 2 6 2 2 2 2 2 2 2 2 2 2 2 2 2 2 2 2 2 2 2 2 2 2 2 2 2 2 2 2 6 6 2 2 2 6 6 6 6 6 6 6 6 6 6 6 6 6 6 6 6 6 6 6 6 6 6 6 6 6 6 6 6 6 6 6 6 6 6 6 6 6 6 6 6 6 6 6 6 2 2 2 2 2 2 2 2 2 2 4 2 2 2 4 4 2 2 2 2 4 2 2 2 2 2 2 4 4 4 8 8 8 8 6 6 8 8 8 8 6 6 8 6 6 6 6 6 6 6 6 6 6 6 6 6 6 6 6 6 6 6 6 6 6 6 6 6 6 6 6 6 6 6 6 6 6 6 6 6 6 6 8 8 6 6 6 6 6 6 6 6 6 6 6 6 6 6 6 6 6 6 6 6 2 2 2 2 2 2 2 2 2 2 2 2 4 2 2 2 2
 6 2 2 2 2 6 6 6 6 6 6 6 6 6 6 6 6 6 6 6 6 6 6 6 6 6 6 6 6 6 6 6 6 6 6 6 6 6 6 6 6 6 6 2 6 6 2 2 2 2 2 2 2 2 2 2 2 2 2 2 2 2 2 2 2 2 2 2 2 2 2 2 2 2 2 2 2 2 6 6 6 6 6 6 6 6 6 6 6 6 6 6 6 6 6 6 6 6 6 6 6 6 6 6 6 6 6 6 6 6 6 6 6 6 6 6 6 6 6 6 6 6 6 2 2 2 2 2 2 2 2 4 2 2 2 2 2 4 2 2 2 2 2 2 2 2 2 4 4 4 4 2 8 8 8 8 6 2 8 8 8 8 6 8 6 6 6 6 6 6 6 6 6 6 6 6 6 6 6 6 6 6 6 6 6 6 6 6 6 6 6 6 6 6 6 6 6 6 6 6 6 6 6 8 8 6 6 6 6 6 6 6 6 6 6 6 8 8 6 6 6 6 6 6 6 6 6 2 2 2 2 2 2 4 2 2 2 2 2 4 4 2 2
 6 6 2 2 2 6 2 2 8 8 6 6 6 6 6 6 6 6 6 6 6 6 6 6 6 6 6 6 6 6 6 6 6 6 6 6 6 6 6 6 6 6 2 2 6 6 2 2 2 2 2 2 2 2 2 2 6 6 2 2 2 2 2 2 2 2 2 2 2 2 2 2 2 2 2 2 2 2 6 6 6 6 2 6 6 6 6 6 6 6 6 6 6 6 6 6 6 6 6 6 6 6 6 6 6 6 6 6 6 6 6 6 6 6 6 6 6 6 6 6 6 6 6 6 2 2 2 2 2 2 2 2 2 2 2 2 2 2 2 2 2 2 2 2 2 2 2 2 2 2 2 2 8 8 8 8 6 8 8 8 8 8 8 6 6 6 8 6 6 6 6 6 6 6 6 6 6 6 6 6 6 6 6 6 6 6 6 6 6 6 6 6 6 6 6 6 6 6 6 6 6 6 6 8 8 6 6 6 6 6 6 6 6 6 6 6 6 6 6 6 6 6 6 6 6 6 6 6 6 2 2 2 2 2 2 2 2 2 2 2 2 2 2
>>>>>>> Stashed changes
