north:     0
south:     1166850.00000000
east:      0
west:      3329550.00000000
rows:     24
cols:     21
   0.000000000000E+00   0.000000000000E+00   0.000000000000E+00   0.000000000000E+00   0.000000000000E+00   0.000000000000E+00   0.000000000000E+00   0.000000000000E+00   0.000000000000E+00   0.000000000000E+00   0.000000000000E+00   0.000000000000E+00   0.000000000000E+00   0.000000000000E+00   0.000000000000E+00   0.000000000000E+00   0.000000000000E+00   0.000000000000E+00   0.000000000000E+00   0.000000000000E+00   0.000000000000E+00
   0.000000000000E+00   0.919238800634E-07   0.919238800634E-07   0.919238800634E-07   0.919238800634E-07   0.919238800634E-07   0.919238800634E-07   0.919238800634E-07   0.919238800634E-07   0.919238800634E-07   0.919238800634E-07   0.919238800634E-07   0.919238800634E-07   0.919238800634E-07   0.919238800634E-07   0.919238800634E-07   0.919238800634E-07   0.919238800634E-07   0.919238800634E-07   0.919238800634E-07   0.000000000000E+00
   0.000000000000E+00   0.919238800634E-07   0.919238800634E-07   0.919238800634E-07   0.919238800634E-07   0.919238800634E-07   0.919238800634E-07   0.919238800634E-07   0.919238800634E-07   0.919238800634E-07   0.919238800634E-07   0.919238800634E-07   0.919238800634E-07   0.919238800634E-07   0.919238800634E-07   0.919238800634E-07   0.919238800634E-07   0.919238800634E-07   0.919238800634E-07   0.919238800634E-07   0.000000000000E+00
   0.919238800634E-07   0.919238800634E-07   0.919238800634E-07   0.919238800634E-07   0.919238800634E-07   0.919238800634E-07   0.919238800634E-07   0.919238800634E-07   0.919238800634E-07   0.919238800634E-07   0.919238800634E-07   0.919238800634E-07   0.919238800634E-07   0.919238800634E-07   0.919238800634E-07   0.919238800634E-07   0.919238800634E-07   0.919238800634E-07   0.919238800634E-07   0.919238800634E-07   0.000000000000E+00
   0.000000000000E+00   0.919238800634E-07   0.919238800634E-07   0.919238800634E-07   0.919238800634E-07   0.919238800634E-07   0.919238800634E-07   0.919238800634E-07   0.919238800634E-07   0.919238800634E-07   0.919238800634E-07   0.919238800634E-07   0.919238800634E-07   0.919238800634E-07   0.919238800634E-07   0.919238800634E-07   0.919238800634E-07   0.919238800634E-07   0.919238800634E-07   0.919238800634E-07   0.000000000000E+00
   0.000000000000E+00   0.000000000000E+00   0.919238800634E-07   0.919238800634E-07   0.919238800634E-07   0.919238800634E-07   0.919238800634E-07   0.919238800634E-07   0.919238800634E-07   0.919238800634E-07   0.919238800634E-07   0.919238800634E-07   0.919238800634E-07   0.919238800634E-07   0.919238800634E-07   0.919238800634E-07   0.919238800634E-07   0.919238800634E-07   0.919238800634E-07   0.919238800634E-07   0.000000000000E+00
   0.000000000000E+00   0.919238800634E-07   0.000000000000E+00   0.919238800634E-07   0.919238800634E-07   0.919238800634E-07   0.919238800634E-07   0.919238800634E-07   0.919238800634E-07   0.919238800634E-07   0.919238800634E-07   0.919238800634E-07   0.919238800634E-07   0.919238800634E-07   0.919238800634E-07   0.919238800634E-07   0.919238800634E-07   0.919238800634E-07   0.919238800634E-07   0.919238800634E-07   0.000000000000E+00
   0.000000000000E+00   0.919238800634E-07   0.919238800634E-07   0.000000000000E+00   0.919238800634E-07   0.919238800634E-07   0.919238800634E-07   0.919238800634E-07   0.919238800634E-07   0.919238800634E-07   0.919238800634E-07   0.919238800634E-07   0.919238800634E-07   0.919238800634E-07   0.919238800634E-07   0.919238800634E-07   0.919238800634E-07   0.919238800634E-07   0.919238800634E-07   0.919238800634E-07   0.000000000000E+00
   0.000000000000E+00   0.919238800634E-07   0.919238800634E-07   0.919238800634E-07   0.000000000000E+00   0.919238800634E-07   0.919238800634E-07   0.919238800634E-07   0.919238800634E-07   0.919238800634E-07   0.919238800634E-07   0.919238800634E-07   0.919238800634E-07   0.919238800634E-07   0.919238800634E-07   0.919238800634E-07   0.919238800634E-07   0.919238800634E-07   0.919238800634E-07   0.919238800634E-07   0.000000000000E+00
   0.000000000000E+00   0.919238800634E-07   0.919238800634E-07   0.919238800634E-07   0.919238800634E-07   0.000000000000E+00   0.919238800634E-07   0.919238800634E-07   0.919238800634E-07   0.919238800634E-07   0.919238800634E-07   0.919238800634E-07   0.919238800634E-07   0.919238800634E-07   0.919238800634E-07   0.919238800634E-07   0.919238800634E-07   0.919238800634E-07   0.919238800634E-07   0.919238800634E-07   0.000000000000E+00
   0.000000000000E+00   0.919238800634E-07   0.919238800634E-07   0.919238800634E-07   0.919238800634E-07   0.919238800634E-07   0.000000000000E+00   0.919238800634E-07   0.919238800634E-07   0.919238800634E-07   0.919238800634E-07   0.919238800634E-07   0.919238800634E-07   0.919238800634E-07   0.919238800634E-07   0.919238800634E-07   0.919238800634E-07   0.919238800634E-07   0.919238800634E-07   0.919238800634E-07   0.000000000000E+00
   0.000000000000E+00   0.919238800634E-07   0.919238800634E-07   0.919238800634E-07   0.919238800634E-07   0.919238800634E-07   0.919238800634E-07   0.000000000000E+00   0.919238800634E-07   0.919238800634E-07   0.919238800634E-07   0.919238800634E-07   0.919238800634E-07   0.919238800634E-07   0.919238800634E-07   0.919238800634E-07   0.919238800634E-07   0.919238800634E-07   0.919238800634E-07   0.919238800634E-07   0.000000000000E+00
   0.000000000000E+00   0.919238800634E-07   0.919238800634E-07   0.919238800634E-07   0.919238800634E-07   0.919238800634E-07   0.919238800634E-07   0.919238800634E-07   0.000000000000E+00   0.919238800634E-07   0.919238800634E-07   0.919238800634E-07   0.919238800634E-07   0.919238800634E-07   0.919238800634E-07   0.919238800634E-07   0.919238800634E-07   0.919238800634E-07   0.919238800634E-07   0.919238800634E-07   0.000000000000E+00
   0.000000000000E+00   0.919238800634E-07   0.919238800634E-07   0.919238800634E-07   0.919238800634E-07   0.919238800634E-07   0.919238800634E-07   0.919238800634E-07   0.919238800634E-07   0.000000000000E+00   0.919238800634E-07   0.919238800634E-07   0.919238800634E-07   0.919238800634E-07   0.919238800634E-07   0.919238800634E-07   0.919238800634E-07   0.919238800634E-07   0.919238800634E-07   0.919238800634E-07   0.000000000000E+00
   0.000000000000E+00   0.919238800634E-07   0.919238800634E-07   0.919238800634E-07   0.919238800634E-07   0.919238800634E-07   0.919238800634E-07   0.919238800634E-07   0.919238800634E-07   0.919238800634E-07   0.000000000000E+00   0.919238800634E-07   0.919238800634E-07   0.919238800634E-07   0.919238800634E-07   0.919238800634E-07   0.919238800634E-07   0.919238800634E-07   0.919238800634E-07   0.919238800634E-07   0.000000000000E+00
   0.000000000000E+00   0.919238800634E-07   0.919238800634E-07   0.919238800634E-07   0.919238800634E-07   0.919238800634E-07   0.919238800634E-07   0.919238800634E-07   0.919238800634E-07   0.919238800634E-07   0.919238800634E-07   0.000000000000E+00   0.919238800634E-07   0.919238800634E-07   0.919238800634E-07   0.919238800634E-07   0.919238800634E-07   0.919238800634E-07   0.919238800634E-07   0.919238800634E-07   0.000000000000E+00
   0.000000000000E+00   0.919238800634E-07   0.919238800634E-07   0.919238800634E-07   0.919238800634E-07   0.919238800634E-07   0.919238800634E-07   0.919238800634E-07   0.919238800634E-07   0.919238800634E-07   0.919238800634E-07   0.919238800634E-07   0.000000000000E+00   0.919238800634E-07   0.919238800634E-07   0.919238800634E-07   0.919238800634E-07   0.919238800634E-07   0.919238800634E-07   0.919238800634E-07   0.000000000000E+00
   0.000000000000E+00   0.919238800634E-07   0.919238800634E-07   0.919238800634E-07   0.919238800634E-07   0.919238800634E-07   0.919238800634E-07   0.919238800634E-07   0.919238800634E-07   0.919238800634E-07   0.919238800634E-07   0.919238800634E-07   0.919238800634E-07   0.000000000000E+00   0.919238800634E-07   0.919238800634E-07   0.919238800634E-07   0.919238800634E-07   0.919238800634E-07   0.919238800634E-07   0.000000000000E+00
   0.000000000000E+00   0.919238800634E-07   0.919238800634E-07   0.919238800634E-07   0.919238800634E-07   0.919238800634E-07   0.919238800634E-07   0.919238800634E-07   0.919238800634E-07   0.919238800634E-07   0.919238800634E-07   0.919238800634E-07   0.919238800634E-07   0.919238800634E-07   0.000000000000E+00   0.919238800634E-07   0.919238800634E-07   0.919238800634E-07   0.919238800634E-07   0.919238800634E-07   0.000000000000E+00
   0.000000000000E+00   0.919238800634E-07   0.919238800634E-07   0.919238800634E-07   0.919238800634E-07   0.919238800634E-07   0.919238800634E-07   0.919238800634E-07   0.919238800634E-07   0.919238800634E-07   0.919238800634E-07   0.919238800634E-07   0.919238800634E-07   0.919238800634E-07   0.919238800634E-07   0.000000000000E+00   0.919238800634E-07   0.919238800634E-07   0.919238800634E-07   0.919238800634E-07   0.000000000000E+00
   0.000000000000E+00   0.919238800634E-07   0.919238800634E-07   0.919238800634E-07   0.919238800634E-07   0.919238800634E-07   0.919238800634E-07   0.919238800634E-07   0.919238800634E-07   0.919238800634E-07   0.919238800634E-07   0.919238800634E-07   0.919238800634E-07   0.919238800634E-07   0.919238800634E-07   0.919238800634E-07   0.000000000000E+00   0.919238800634E-07   0.919238800634E-07   0.919238800634E-07   0.000000000000E+00
   0.000000000000E+00   0.919238800634E-07   0.919238800634E-07   0.919238800634E-07   0.919238800634E-07   0.919238800634E-07   0.919238800634E-07   0.919238800634E-07   0.919238800634E-07   0.919238800634E-07   0.919238800634E-07   0.919238800634E-07   0.919238800634E-07   0.919238800634E-07   0.919238800634E-07   0.919238800634E-07   0.919238800634E-07   0.000000000000E+00   0.919238800634E-07   0.919238800634E-07   0.000000000000E+00
   0.000000000000E+00   0.919238800634E-07   0.919238800634E-07   0.919238800634E-07   0.919238800634E-07   0.919238800634E-07   0.919238800634E-07   0.919238800634E-07   0.919238800634E-07   0.919238800634E-07   0.919238800634E-07   0.919238800634E-07   0.919238800634E-07   0.919238800634E-07   0.919238800634E-07   0.919238800634E-07   0.919238800634E-07   0.919238800634E-07   0.000000000000E+00   0.141421356238E-02   0.000000000000E+00
   0.000000000000E+00   0.000000000000E+00   0.000000000000E+00   0.000000000000E+00   0.000000000000E+00   0.000000000000E+00   0.000000000000E+00   0.000000000000E+00   0.000000000000E+00   0.000000000000E+00   0.000000000000E+00   0.000000000000E+00   0.000000000000E+00   0.000000000000E+00   0.000000000000E+00   0.000000000000E+00   0.000000000000E+00   0.000000000000E+00   0.000000000000E+00   0.000000000000E+00   0.141421356238E-02
