north:     0
south:     1166850.00000000
east:      0
west:      3329550.00000000
rows:     24
cols:     21
          0.00          0.00          0.00          0.00          0.00          0.00          0.00          0.00          0.00          0.00          0.00          0.00          0.00          0.00          0.00          0.00          0.00          0.00          0.00          0.00          0.00
          0.25          0.25          0.25          0.25          0.25          0.25          0.25          0.25          0.25          0.25          0.25          0.25          0.25          0.25          0.25          0.25          0.25          0.25          0.25          0.25          0.25
          0.50          0.50          0.50          0.50          0.50          0.50          0.50          0.50          0.50          0.50          0.50          0.50          0.50          0.50          0.50          0.50          0.50          0.50          0.50          0.50          0.50
          0.75          0.75          0.75          0.75          0.75          0.75          0.75          0.75          0.75          0.75          0.75          0.75          0.75          0.75          0.75          0.75          0.75          0.75          0.75          0.75          0.75
          0.00          2.25          1.00          1.00          1.00          1.00          1.00          1.00          1.00          1.00          1.00          1.00          1.00          1.00          1.00          1.00          1.00          1.00          1.00          1.00          1.00
          0.00          0.25          4.25          1.25          1.25          1.25          1.25          1.25          1.25          1.25          1.25          1.25          1.25          1.25          1.25          1.25          1.25          1.25          1.25          1.25          1.25
          0.00          0.25          0.50          6.75          1.50          1.50          1.50          1.50          1.50          1.50          1.50          1.50          1.50          1.50          1.50          1.50          1.50          1.50          1.50          1.50          1.50
          0.00          0.25          0.50          0.75          9.75          1.75          1.75          1.75          1.75          1.75          1.75          1.75          1.75          1.75          1.75          1.75          1.75          1.75          1.75          1.75          1.75
          0.00          0.25          0.50          0.75          1.00         13.25          2.00          2.00          2.00          2.00          2.00          2.00          2.00          2.00          2.00          2.00          2.00          2.00          2.00          2.00          2.00
          0.00          0.25          0.50          0.75          1.00          1.25         17.25          2.25          2.25          2.25          2.25          2.25          2.25          2.25          2.25          2.25          2.25          2.25          2.25          2.25          2.25
          0.00          0.25          0.50          0.75          1.00          1.25          1.50         21.75          2.50          2.50          2.50          2.50          2.50          2.50          2.50          2.50          2.50          2.50          2.50          2.50          2.50
          0.00          0.25          0.50          0.75          1.00          1.25          1.50          1.75         26.75          2.75          2.75          2.75          2.75          2.75          2.75          2.75          2.75          2.75          2.75          2.75          2.75
          0.00          0.25          0.50          0.75          1.00          1.25          1.50          1.75          2.00         32.25          3.00          3.00          3.00          3.00          3.00          3.00          3.00          3.00          3.00          3.00          3.00
          0.00          0.25          0.50          0.75          1.00          1.25          1.50          1.75          2.00          2.25         38.25          3.25          3.25          3.25          3.25          3.25          3.25          3.25          3.25          3.25          3.25
          0.00          0.25          0.50          0.75          1.00          1.25          1.50          1.75          2.00          2.25          2.50         44.75          3.50          3.50          3.50          3.50          3.50          3.50          3.50          3.50          3.50
          0.00          0.25          0.50          0.75          1.00          1.25          1.50          1.75          2.00          2.25          2.50          2.75         51.75          3.75          3.75          3.75          3.75          3.75          3.75          3.75          3.75
          0.00          0.25          0.50          0.75          1.00          1.25          1.50          1.75          2.00          2.25          2.50          2.75          3.00         59.25          4.00          4.00          4.00          4.00          4.00          4.00          4.00
          0.00          0.25          0.50          0.75          1.00          1.25          1.50          1.75          2.00          2.25          2.50          2.75          3.00          3.25         67.25          4.25          4.25          4.25          4.25          4.25          4.25
          0.00          0.25          0.50          0.75          1.00          1.25          1.50          1.75          2.00          2.25          2.50          2.75          3.00          3.25          3.50         75.75          4.50          4.50          4.50          4.50          4.50
          0.00          0.25          0.50          0.75          1.00          1.25          1.50          1.75          2.00          2.25          2.50          2.75          3.00          3.25          3.50          3.75         84.75          4.75          4.75          4.75          4.75
          0.00          0.25          0.50          0.75          1.00          1.25          1.50          1.75          2.00          2.25          2.50          2.75          3.00          3.25          3.50          3.75          4.00         94.25          5.00          5.00          5.00
          0.00          0.25          0.50          0.75          1.00          1.25          1.50          1.75          2.00          2.25          2.50          2.75          3.00          3.25          3.50          3.75          4.00          4.25        104.25          5.25          5.25
          0.00          0.25          0.50          0.75          1.00          1.25          1.50          1.75          2.00          2.25          2.50          2.75          3.00          3.25          3.50          3.75          4.00          4.25          4.50        114.75          5.50
          0.00          0.25          0.50          0.75          1.00          1.25          1.50          1.75          2.00          2.25          2.50          2.75          3.00          3.25          3.50          3.75          4.00          4.25          4.50          4.75        125.75
