         504
         504
         240
         192
         168
         480
         264
         432
         144
         120
          48
          96
         456
          24
          72
         216
         312
         336
         360
         288
         408
         384
         359
         287
         119
         143
         383
         431
         167
         263
         239
         407
         335
         311
         191
          95
         215
         455
          23
          47
         503
         479
          71
         214
         358
         238
         190
          94
         406
         262
         310
         430
         334
          22
         286
         382
          70
         118
         502
          46
         478
         166
         454
         142
         357
         381
          10
         309
           9
          11
           3
         333
           4
           5
           7
           6
         405
           8
          93
          12
          21
         189
          20
          45
         261
          69
         117
         165
         141
         285
          18
          13
          14
         213
           2
          19
          17
         237
          15
          16
           1
         477
         429
         453
         501
          42
          43
          41
          44
         476
         332
          39
          38
          37
          36
          35
          40
         356
          33
          68
         188
         452
         164
         212
         404
         236
          34
         260
          92
         284
         308
         140
         116
         428
          32
          25
         500
          27
          28
          29
          30
          31
          26
         380
         283
          65
         331
          63
          58
          61
          60
          64
          62
          66
         115
         211
          91
         427
         163
         499
          67
          59
         235
         307
         259
         139
          56
         187
         475
         403
         355
         451
          49
          57
          50
          53
          52
         379
          51
          55
          54
         426
          81
          82
         186
          87
         282
          80
         498
          84
         258
          86
         378
          83
          89
          85
         114
          90
          88
         306
          79
         474
         138
         450
          73
          74
         162
         402
         354
         210
         330
          76
         234
          78
          75
          77
         105
         106
         109
         107
         108
         112
         111
         110
         103
         161
         113
         257
         449
         185
         401
         209
         233
         137
         102
         104
         100
         425
         305
         353
         281
         377
         329
         473
         101
         497
          99
          98
          97
         496
         136
         135
         208
         232
         424
         134
         472
         132
         133
         184
         328
         448
         160
         400
         376
         352
         131
         280
         129
         123
         124
         121
         125
         256
         122
         304
         126
         130
         128
         127
         423
         159
         327
         231
         156
         153
         157
         155
         207
         303
         183
         158
         375
         351
         447
         495
         255
         279
         150
         146
         147
         148
         151
         152
         145
         154
         471
         399
         149
         179
         326
         180
         176
         177
         178
         182
         181
         173
         172
         171
         170
         174
         175
         422
         470
         206
         494
         374
         302
         446
         350
         398
         278
         230
         169
         254
         493
         469
         202
         194
         253
         277
         301
         229
         445
         349
         373
         397
         325
         421
         205
         193
         204
         201
         200
         199
         197
         203
         196
         195
         198
         276
         468
         300
         372
         492
         252
         420
         348
         396
         324
         444
         228
         217
         227
         218
         223
         222
         220
         224
         225
         219
         221
         226
         249
         419
         347
         251
         395
         242
         443
         467
         241
         323
         243
         248
         244
         247
         246
         245
         371
         250
         491
         299
         275
         346
         418
         466
         298
         370
         269
         273
         442
         394
         490
         265
         266
         267
         268
         274
         322
         270
         272
         271
         345
         321
         489
         417
         393
         369
         441
         297
         295
         289
         465
         290
         291
         296
         293
         294
         292
         317
         344
         464
         392
         440
         416
         488
         316
         320
         314
         319
         315
         318
         368
         313
         487
         367
         391
         439
         342
         463
         341
         339
         343
         340
         415
         337
         338
         390
         486
         438
         363
         462
         362
         366
         364
         365
         414
         361
         461
         485
         389
         437
         388
         387
         386
         385
         413
         409
         412
         460
         411
         436
         484
         410
         435
         483
         434
         433
         459
         458
         457
         482
         481
